21.6612
17.8204
16.1585
15.1828
14.3062
13.6155
13.0658
12.63
12.2322
11.9119
11.6036
11.3218
11.1914
11.0463
10.7719
10.541
10.1947
9.96642
9.75402
9.61214
9.50046
9.47014
9.4435
9.35069
9.25019
9.06295
8.75273
8.31584
8.12296
8.00967
7.81536
7.52482
7.23871
7.04301
6.80895
6.65138
6.58758
6.52579
6.51509
6.46734
6.38072
6.28518
6.24271
6.21243
6.21149
6.20902
6.20597
6.20421
6.20234
6.19172
6.1535
6.10032
6.08346
6.07189
6.05433
6.04804
6.04247
6.03202
6.02496
6.02283
6.00481
5.9681
5.9311
5.87905
5.76528
5.67093
5.66456
5.66269
5.65263
5.6284
5.61291
5.6096
5.59881
5.56879
5.53554
5.53215
5.51936
5.49421
5.47507
5.47507
5.47507
5.47507
5.47507
5.47438
5.47099
5.46519
5.46427
5.46427
5.45135
5.39797
5.32598
5.24641
5.23221
5.23221
5.19992
5.13629
5.03654
5.0098
4.98337
4.94486
4.93117
4.92032
4.89678
4.85326
4.84902
4.84902
4.84902
4.84902
4.84902
4.84902
4.84902
4.84902
4.84902
4.8472
4.84279
4.83347
4.81869
4.80446
4.78528
4.7781
4.76331
4.7528
4.74898
4.74266
4.74094
4.74094
4.74094
4.74094
4.74094
4.74094
4.74094
4.74094
4.74094
4.74094
4.74094
4.74094
4.74094
4.74094
4.74094
4.74094
4.74094
4.74094
4.74094
4.74094
4.74094
4.74094
4.74094
4.74094
4.74094
4.74094
4.74094
4.74094
4.74094
4.74094
4.74094
4.74094
4.7111
4.62292
4.45759
4.39676
4.38941
4.38941
4.38941
4.38941
4.38941
4.38941
4.38941
4.38941
4.38941
4.38941
4.38941
4.38941
4.38941
4.38941
4.38941
4.38941
4.38941
4.38941
4.38941
4.3446
4.23697
4.13465
4.10928
3.95237
3.55998
3.1716
3.13571
3.13423
3.13423
3.13423
3.13423
3.13423
3.13423
3.13423
3.13423
3.13423
3.13423
3.13423
3.13423
3.13423
3.13423
3.13423
3.13423
3.13423
3.13423
3.13423
3.13423
3.13423
3.13423
3.13423
3.13423
3.13423
3.13423
3.13423
3.13423
3.13423
3.13423
3.13423
3.13423
3.13423
3.13423
3.13423
3.13423
3.13423
3.13423
3.13423
3.13423
3.13423
3.13413
3.13413
3.13413
3.13413
3.13413
3.13413
3.13413
3.13413
3.13413
3.13413
3.13413
3.13413
3.13413
3.13413
3.13413
3.13413
3.13413
3.12788
3.12153
3.12153
3.12153
3.12153
3.12153
3.12153
3.12153
3.12153
3.12153
3.12153
3.12153
3.12153
3.12153
3.12153
3.12153
3.12153
3.12153
3.12153
3.12153
3.12153
3.12153
3.12153
3.12153
3.12153
3.12153
3.12153
3.12153
3.12153
3.12153
3.12153
3.12153
3.12153
3.12153
3.12153
3.12153
3.12153
3.12153
3.12153
3.12153
3.12153
3.12153
3.12153
3.12153
3.12153
3.12153
3.12153
3.12153
3.12153
3.12153
3.12153
3.12153
3.12153
3.12153
3.12153
3.12153
3.12153
3.12153
3.12153
3.12153
3.12153
3.12153
3.12153
3.12153
3.12153
3.12153
3.12153
3.12153
3.12153
3.12153
3.12153
3.12153
3.12153
3.12153
3.12153
3.12153
3.12153
3.12153
3.12153
3.12153
3.12153
3.12153
3.12153
3.12153
3.12153
3.12153
3.12153
3.12153
3.12153
3.12153
3.12153
3.12153
3.12153
3.12153
3.12153
3.12153
3.12153
3.12153
3.12153
3.12153
3.12153
3.12153
3.12153
3.12153
3.12153
3.12153
3.12153
3.12153
3.12153
3.12153
3.12153
3.12153
3.12153
3.12153
3.12153
3.12153
3.12153
3.12153
3.12153
3.12153
3.12153
3.12153
3.12153
3.12153
3.12153
3.12153
3.12153
3.12153
3.12153
3.12153
3.12153
3.12153
3.12153
3.12153
3.12153
3.12153
3.12153
3.12153
3.12153
3.12153
3.12153
3.12153
3.12153
3.12153
3.12153
3.12153
3.12153
3.12153
3.12153
3.12153
3.12153
3.12153
3.12153
3.12153
3.12153
3.12153
3.12153
3.12153
3.12153
3.12153
3.12153
3.12153
3.12153
3.12153
3.12153
3.12153
3.12153
3.12153
3.12153
3.12153
3.12153
3.12153
3.12153
3.12153
3.12153
3.12153
3.12153
3.12153
3.12153
3.12153
3.12153
3.12153
3.12153
3.12153
3.12153
3.12153
3.12153
3.12153
3.12153
3.12153
3.12153
3.12153
3.12153
3.12153
3.12153
3.12153
3.12153
3.12153
3.12153
3.12153
3.12153
3.12153
3.12153
3.12153
3.12153
3.12153
3.12153
3.12153
3.12153
3.12153
3.12153
3.12153
3.12153
3.12153
3.12153
3.12153
3.12153
3.12153
3.12153
3.12153
3.12153
3.12153
3.12153
3.12153
3.12153
3.12153
3.12153
3.12153
3.12153
3.12153
3.12153
3.12153
3.12153
3.12153
3.12153
3.12153
3.12153
3.12153
3.12153
3.12153
3.12153
3.12153
3.12153
3.12153
3.12153
3.12153
3.12153
3.12153
3.12153
3.12153
3.12153
3.12153
3.12153
3.12153
3.12153
3.12153
