23.5508
15.0187
14.0961
13.349
12.7696
12.4601
12.1203
10.9079
10.9079
10.9079
10.9079
10.9079
10.3269
10.3269
10.3166
10.0055
9.64811
9.64811
9.45249
9.45249
9.45249
8.88101
8.88101
8.88101
8.26176
7.98572
7.98572
7.98572
7.11409
7.11409
7.11409
6.89691
6.69525
6.68121
6.52854
6.38651
6.38651
6.38651
6.38651
6.21246
6.21246
6.20806
6.20806
6.20806
6.19464
6.19464
6.19464
6.19464
6.08478
6.04892
6.04892
6.04892
5.99005
5.99005
5.99005
5.99005
5.99005
5.99005
5.99005
5.92314
5.71327
5.71327
5.71327
5.62289
5.62289
5.62289
5.62289
5.59728
5.59728
5.59728
5.53259
5.53259
5.477
5.477
5.477
5.477
5.477
5.477
5.23393
5.23393
5.23393
5.23393
5.23393
5.23393
5.23393
5.23393
5.23393
5.23393
5.23393
5.01724
5.01724
5.01724
5.01724
5.01724
4.84949
4.84949
4.84949
4.84949
4.84949
4.84949
4.84949
4.78925
4.78925
4.78925
4.78925
4.78925
4.78925
4.78925
4.78925
4.78925
4.78925
4.78925
4.78925
4.78925
4.78925
4.78449
4.78449
4.78449
4.44708
4.44708
4.44708
4.44708
4.44708
4.44708
4.44708
4.44708
4.44708
4.44708
4.44708
4.44708
4.44708
4.44708
4.44708
4.44708
4.44708
4.44708
4.44708
4.44708
4.44708
4.44708
4.44708
4.44708
4.44708
4.44708
4.44708
4.44708
4.44708
4.44708
4.44708
4.44708
4.44708
4.44708
4.44708
4.44708
4.44708
4.44708
3.946
3.946
3.946
3.946
3.946
3.946
3.946
3.946
3.946
3.946
3.946
3.946
3.946
3.946
3.946
3.946
3.946
3.946
3.946
3.946
3.946
3.946
3.946
3.946
3.946
3.946
3.2753
3.14512
3.13423
3.13423
3.13423
3.13423
3.13423
3.13423
3.13423
3.13423
3.13423
3.13423
3.13423
3.13423
3.13423
3.13423
3.13423
3.13423
3.13423
3.13423
3.13423
3.13423
3.13423
3.13423
3.13423
3.13423
3.13423
3.13423
3.13423
3.13423
3.13423
3.13423
3.13423
3.13423
3.13423
3.13423
3.13423
3.13423
3.13423
3.13423
3.13423
3.13423
3.13423
3.13423
3.13423
3.13423
3.12153
3.12153
3.12153
3.12153
3.12153
3.12153
3.12153
3.12153
3.12153
3.12153
3.12153
3.12153
3.12153
3.12153
3.12153
3.12153
3.12153
3.12153
3.12153
3.12153
3.12153
3.12153
3.12153
3.12153
3.12153
3.12153
3.12153
3.12153
3.12153
3.12153
3.12153
3.12153
3.12153
3.12153
3.12153
3.12153
3.12153
3.12153
3.12153
3.12153
3.12153
3.12153
3.12153
3.12153
3.12153
3.12153
3.12153
3.12153
3.12153
3.12153
3.12153
3.12153
3.12153
3.12153
3.12153
3.12153
3.12153
3.12153
3.12153
3.12153
3.12153
3.12153
3.12153
3.12153
3.12153
3.12153
3.12153
3.12153
3.12153
3.12153
3.12153
3.12153
3.12153
3.12153
3.12153
3.12153
3.12153
3.12153
3.12153
3.12153
3.12153
3.12153
3.12153
3.12153
3.12153
3.12153
3.12153
3.12153
3.12153
3.12153
3.12153
3.12153
3.12153
3.12153
3.12153
3.12153
3.12153
3.12153
3.12153
3.12153
3.12153
3.12153
3.12153
3.12153
3.12153
3.12153
3.12153
3.12153
3.12153
3.12153
3.12153
3.12153
3.12153
3.12153
3.12153
3.12153
3.12153
3.12153
3.12153
3.12153
3.12153
3.12153
3.12153
3.12153
3.12153
3.12153
3.12153
3.12153
3.12153
3.12153
3.12153
3.12153
3.12153
3.12153
3.12153
3.12153
3.12153
3.12153
3.12153
3.12153
3.12153
3.12153
3.12153
3.12153
3.12153
3.12153
3.12153
3.12153
3.12153
3.12153
3.12153
3.12153
3.12153
3.12153
3.12153
3.12153
3.12153
3.12153
3.12153
3.12153
3.12153
3.12153
3.12153
3.12153
3.12153
3.12153
3.12153
3.12153
3.12153
3.12153
3.12153
3.12153
3.12153
3.12153
3.12153
3.12153
3.12153
3.12153
3.12153
3.12153
3.12153
3.12153
3.12153
3.12153
3.12153
3.12153
3.12153
3.12153
3.12153
3.12153
3.12153
3.12153
3.12153
3.12153
3.12153
3.12153
3.12153
3.12153
3.12153
3.12153
3.12153
3.12153
3.12153
3.12153
3.12153
3.12153
3.12153
3.12153
3.12153
3.12153
3.12153
3.12153
3.12153
3.12153
3.12153
3.12153
3.12153
3.12153
3.12153
3.12153
3.12153
3.12153
3.12153
3.12153
3.12153
3.12153
3.12153
3.12153
3.12153
3.12153
3.12153
3.12153
3.12153
3.12153
3.12153
3.12153
3.12153
3.12153
3.12153
3.12153
3.12153
3.12153
3.12153
3.12153
3.12153
3.12153
3.12153
3.12153
3.12153
3.12153
3.12153
3.12153
3.12153
3.12153
3.12153
3.12153
3.12153
3.12153
3.12153
3.12153
3.12153
3.12153
3.12153
3.12153
3.12153
3.12153
3.12153
3.12153
3.12153
3.12153
3.12153
3.12153
3.12153
