19.5118
16.4847
14.88
13.8664
13.0654
12.1888
11.4844
11.1549
10.8924
10.66
10.4467
10.2877
10.0775
9.90371
9.71023
9.54052
9.38269
9.21577
9.08371
8.99739
8.87106
8.69571
8.60703
8.57714
8.51023
8.42262
8.31293
8.23317
8.17238
8.06938
7.98395
7.83704
7.65049
7.55694
7.45735
7.28322
7.15189
7.13774
7.13657
7.1131
7.07106
7.02436
7.00677
6.96644
6.91911
6.89778
6.83223
6.77498
6.77498
6.77498
6.77498
6.77498
6.77498
6.77198
6.75074
6.73413
6.73413
6.73413
6.73413
6.73413
6.73413
6.73413
6.73413
6.73413
6.73413
6.71493
6.66666
6.62849
6.62522
6.62398
6.62398
6.62398
6.60725
6.56442
6.49293
6.44166
6.37218
6.32701
6.29479
6.293
6.29056
6.28954
6.28954
6.28954
6.28954
6.28954
6.28954
6.28664
6.27997
6.26874
6.24062
6.19415
6.15845
6.14906
6.14332
6.14332
6.14332
6.14332
6.14332
6.14332
6.14332
6.14332
6.14332
6.14332
6.14332
6.14332
6.14332
6.14332
6.14066
6.08799
5.98241
5.89944
5.82733
5.73496
5.68187
5.68113
5.68113
5.68113
5.68113
5.68042
5.68042
5.68042
5.68042
5.68042
5.68042
5.68042
5.68042
5.68042
5.68042
5.68039
5.67968
5.67885
5.67836
5.67836
5.67836
5.67836
5.67836
5.67836
5.67836
5.67836
5.67836
5.67836
5.67836
5.67836
5.67836
5.67836
5.67836
5.67836
5.67836
5.67836
5.67836
5.66982
5.62944
5.58249
5.57202
5.57202
5.57202
5.57202
5.57202
5.57202
5.57202
5.57202
5.57202
5.57202
5.57202
5.57202
5.57202
5.57157
5.5673
5.52879
5.47928
5.45304
5.45304
5.45304
5.45304
5.45304
5.45304
5.45304
5.4529
5.4513
5.44852
5.44683
5.44683
5.44683
5.44683
5.44683
5.44683
5.44683
5.44608
5.43897
5.43242
5.43032
5.42429
5.41349
5.41167
5.403
5.38458
5.37433
5.37433
5.37433
5.37433
5.37433
5.37433
5.37433
5.37433
5.37433
5.37433
5.37433
5.37433
5.37433
5.37433
5.37433
5.37433
5.37433
5.37433
5.37433
5.37433
5.37433
5.37433
5.37433
5.37433
5.37433
5.37433
5.37433
5.37433
5.37433
5.37433
5.37433
5.37433
5.37433
5.37433
5.37433
5.3739
5.36067
5.34051
5.30615
5.20144
5.09552
5.08824
5.08824
5.08824
5.08824
5.08824
5.08824
5.08824
5.08824
5.08824
5.08824
5.08824
5.08824
5.08824
5.08824
5.08824
5.08824
5.08824
5.08824
5.08824
5.08824
5.08824
5.08824
5.08824
5.08824
5.08824
5.08824
5.08824
5.08824
5.08824
5.08824
5.08824
5.08824
5.08824
5.08824
5.08824
5.08824
5.08824
5.08824
5.08824
5.08824
5.08824
5.08824
5.08824
5.08824
5.08824
5.08824
5.08824
5.08824
5.08824
5.08824
5.08824
5.08824
5.08824
5.08824
5.08824
5.08824
5.08824
5.08824
5.08824
5.08824
5.08824
5.08824
5.08824
5.08824
5.08824
5.08824
5.08824
5.08824
5.08824
5.08824
5.08824
5.08824
5.08824
5.08824
5.08824
5.08824
5.08824
5.08824
5.08824
5.08824
5.08824
5.08824
5.08824
5.08824
5.08824
5.08824
5.08824
5.08772
5.08772
5.08772
5.08772
5.08772
5.08772
5.08772
5.08772
5.08772
5.08772
5.08772
5.08772
5.08772
5.08772
5.08772
5.08772
5.08772
5.08772
5.08772
5.08772
5.08772
5.08772
5.08772
5.08772
5.08772
5.08772
5.08772
5.0846
5.06432
5.02898
5.02274
5.02274
5.02274
5.02274
5.02274
5.02274
5.02274
5.02274
5.02274
5.02274
5.02274
5.02274
5.02274
5.02274
5.02274
5.02274
5.02274
5.02274
5.02274
5.02274
5.02274
5.02274
5.02274
5.02274
5.02274
5.02274
5.02274
5.02274
5.02274
5.02274
5.02274
5.02274
5.02274
5.02274
5.02274
5.02274
5.02274
5.02274
5.02274
5.02274
5.02274
5.02274
5.02274
5.02274
5.02274
5.02274
5.02274
5.02274
5.02274
5.02274
5.02274
5.02274
5.02274
5.02274
5.02274
5.02274
5.02274
5.02274
5.02274
5.02274
5.02274
5.02274
5.02274
5.02274
5.02274
5.02274
5.02274
5.02274
5.02274
5.02274
5.02274
5.02274
5.02274
5.02274
5.02274
5.02274
5.02274
5.02274
5.02274
5.02274
5.02274
5.02274
5.02274
5.02274
5.02274
5.02274
5.02274
5.02274
5.02274
5.02274
5.02274
5.02274
5.02274
5.02274
5.02274
5.02274
5.02274
5.02274
5.02274
5.02274
5.02274
5.02274
5.02274
5.02274
5.02274
5.02274
5.02274
5.02274
5.02274
5.02274
5.02274
5.02274
5.02274
5.02274
5.02274
5.02274
5.02274
5.02274
5.02274
5.02274
5.02274
5.02274
5.02274
5.02274
5.02274
5.02274
5.02274
5.02274
5.02274
5.02274
5.02274
5.02274
5.02274
5.02274
5.02274
5.02274
5.02274
5.02274
5.02274
5.02274
5.02274
5.02274
5.02274
5.02274
5.02274
5.02274
