19.1003
14.1481
13.106
12.8723
11.2802
11.1935
10.8697
10.3465
10.3465
10.2953
10.0281
9.98952
9.68077
9.60806
9.35074
8.97176
8.97176
8.97176
8.78748
8.7482
8.60763
8.41577
8.41577
8.41577
8.29439
7.88919
7.88919
7.88919
7.88919
7.88919
7.88919
7.49405
7.49405
7.17354
7.12025
7.12025
7.12025
7.12025
7.02518
6.92149
6.92149
6.92149
6.88217
6.88217
6.77848
6.77848
6.77848
6.3378
6.3378
6.3378
6.3378
6.3378
6.3378
6.3378
6.3378
6.3378
6.3378
6.3378
6.3378
6.3378
6.3378
6.3378
6.3378
6.3378
6.3378
6.3378
6.3378
6.3378
6.3378
6.3378
6.3378
6.3378
6.3378
6.3378
6.3378
6.21513
6.21513
6.21513
6.21513
6.21513
6.21513
6.21513
6.21513
6.21513
6.21513
6.21513
6.21513
6.21513
6.21513
6.16297
6.13832
6.13832
6.13832
6.13832
6.13832
6.13832
6.13832
6.13832
6.13832
6.13832
6.13832
6.13832
6.13832
6.13832
6.13832
6.13832
6.13832
6.13832
5.94572
5.91445
5.80556
5.79002
5.68113
5.68113
5.68113
5.68113
5.68113
5.68113
5.68113
5.59206
5.59206
5.59206
5.59206
5.59206
5.59206
5.59206
5.59206
5.59206
5.59206
5.59206
5.59206
5.59206
5.59206
5.59206
5.59206
5.59206
5.59206
5.59206
5.59206
5.59206
5.59206
5.59206
5.59206
5.59206
5.59206
5.59206
5.59206
5.59206
5.59206
5.59206
5.59206
5.56014
5.56014
5.56014
5.56014
5.56014
5.56014
5.56014
5.56014
5.56014
5.56014
5.56014
5.56014
5.56014
5.56014
5.56014
5.56014
5.55162
5.45321
5.45321
5.45321
5.43272
5.43272
5.43272
5.43272
5.43272
5.43272
5.43272
5.43272
5.43272
5.43272
5.43272
5.43272
5.43272
5.43272
5.43272
5.43272
5.43272
5.39542
5.39542
5.39542
5.39542
5.39542
5.39542
5.39542
5.35159
5.35159
5.35159
5.35159
5.35159
5.35159
5.35159
5.35159
5.35159
5.35159
5.35159
5.35159
5.35159
5.35159
5.35159
5.35159
5.35159
5.35159
5.35159
5.35159
5.35159
5.35159
5.35159
5.35159
5.35159
5.35159
5.35159
5.35159
5.35159
5.35159
5.35159
5.35159
5.35159
5.35159
5.35159
5.35159
5.35159
5.3204
5.08824
5.08824
5.08824
5.08824
5.08824
5.08824
5.08824
5.08824
5.08824
5.08824
5.08824
5.08824
5.08824
5.08824
5.08824
5.08824
5.08824
5.08824
5.08824
5.08824
5.08824
5.08824
5.08824
5.08824
5.08824
5.08824
5.08824
5.08824
5.08824
5.08824
5.08824
5.08824
5.08824
5.08824
5.08824
5.08824
5.08824
5.08824
5.08824
5.08824
5.08824
5.08824
5.08824
5.08824
5.08824
5.08824
5.08824
5.08824
5.08824
5.08824
5.08824
5.08824
5.08824
5.08824
5.08824
5.08824
5.08824
5.08824
5.08824
5.08824
5.08824
5.08824
5.08824
5.08824
5.08824
5.08824
5.08824
5.08824
5.08824
5.08824
5.08824
5.08824
5.08824
5.08824
5.08824
5.08824
5.08824
5.08824
5.08824
5.08824
5.08824
5.08824
5.08824
5.08824
5.08824
5.08824
5.08824
5.08824
5.08824
5.08824
5.08824
5.08824
5.02274
5.02274
5.02274
5.02274
5.02274
5.02274
5.02274
5.02274
5.02274
5.02274
5.02274
5.02274
5.02274
5.02274
5.02274
5.02274
5.02274
5.02274
5.02274
5.02274
5.02274
5.02274
5.02274
5.02274
5.02274
5.02274
5.02274
5.02274
5.02274
5.02274
5.02274
5.02274
5.02274
5.02274
5.02274
5.02274
5.02274
5.02274
5.02274
5.02274
5.02274
5.02274
5.02274
5.02274
5.02274
5.02274
5.02274
5.02274
5.02274
5.02274
5.02274
5.02274
5.02274
5.02274
5.02274
5.02274
5.02274
5.02274
5.02274
5.02274
5.02274
5.02274
5.02274
5.02274
5.02274
5.02274
5.02274
5.02274
5.02274
5.02274
5.02274
5.02274
5.02274
5.02274
5.02274
5.02274
5.02274
5.02274
5.02274
5.02274
5.02274
5.02274
5.02274
5.02274
5.02274
5.02274
5.02274
5.02274
5.02274
5.02274
5.02274
5.02274
5.02274
5.02274
5.02274
5.02274
5.02274
5.02274
5.02274
5.02274
5.02274
5.02274
5.02274
5.02274
5.02274
5.02274
5.02274
5.02274
5.02274
5.02274
5.02274
5.02274
5.02274
5.02274
5.02274
5.02274
5.02274
5.02274
5.02274
5.02274
5.02274
5.02274
5.02274
5.02274
5.02274
5.02274
5.02274
5.02274
5.02274
5.02274
5.02274
5.02274
5.02274
5.02274
5.02274
5.02274
5.02274
5.02274
5.02274
5.02274
5.02274
5.02274
5.02274
5.02274
5.02274
5.02274
5.02274
5.02274
5.02274
5.02274
5.02274
5.02274
5.02274
5.02274
5.02274
5.02274
5.02274
5.02274
5.02274
5.02274
5.02274
5.02274
5.02274
5.02274
5.02274
5.02274
5.02274
5.02274
5.02274
5.02274
5.02274
5.02274
5.02274
5.02274
5.02274
5.02274
