best	 mean
1014.3	   1.1041e+03

767.307	   9.1788e+02

725.574	   7.9226e+02

650.466	   7.3971e+02

619.145	   6.8398e+02

582.837	   6.3398e+02

540.55	   5.9646e+02

520.361	   5.6097e+02

494.741	   5.3540e+02

475.954	   5.1353e+02

459.344	   4.9014e+02

438.238	   4.7168e+02

432.204	   4.5380e+02

407.216	   4.3613e+02

398.965	   4.2113e+02

389.028	   4.0748e+02

380.537	   3.9659e+02

373.219	   3.8624e+02

364.265	   3.7964e+02

361.009	   3.7303e+02

352.093	   3.6592e+02

344.639	   3.5869e+02

340.777	   3.5188e+02

340.777	   3.4642e+02

336.929	   3.4327e+02

336.929	   3.4128e+02

335.05	   3.3957e+02

334.438	   3.3796e+02

329.748	   3.3568e+02

329.748	   3.3399e+02

329.748	   3.3267e+02

321.857	   3.3138e+02

314.896	   3.2764e+02

314.896	   3.2179e+02

313.38	   3.1642e+02

313.38	   3.1489e+02

313.38	   3.1488e+02

313.38	   3.1486e+02

313.38	   3.1485e+02

311.722	   3.1470e+02

310.668	   3.1357e+02

307.803	   3.1168e+02

307.803	   3.0948e+02

307.803	   3.0795e+02

304.018	   3.0780e+02

304.018	   3.0780e+02

300.601	   3.0707e+02

300.601	   3.0417e+02

300.601	   3.0104e+02

297.871	   3.0060e+02

297.871	   3.0020e+02

297.871	   2.9956e+02

297.871	   2.9912e+02

297.871	   2.9897e+02

297.19	   2.9866e+02

297.19	   2.9826e+02

296.005	   2.9756e+02

295.037	   2.9668e+02

294.785	   2.9563e+02

293.968	   2.9502e+02

293.716	   2.9480e+02

293.586	   2.9429e+02

293.586	   2.9372e+02

293.586	   2.9359e+02

293.586	   2.9359e+02

291.425	   2.9358e+02

291.425	   2.9358e+02

291.425	   2.9358e+02

291.425	   2.9358e+02

291.425	   2.9358e+02

291.425	   2.9358e+02

291.425	   2.9358e+02

290.959	   2.9323e+02

290.959	   2.9228e+02

290.959	   2.9142e+02

290.959	   2.9142e+02

290.959	   2.9142e+02

290.959	   2.9140e+02

287.44	   2.9127e+02

285.05	   2.8997e+02

283.909	   2.8768e+02

283.909	   2.8545e+02

283.909	   2.8394e+02

283.909	   2.8391e+02

283.909	   2.8391e+02

283.909	   2.8391e+02

283.909	   2.8391e+02

283.909	   2.8391e+02

283.909	   2.8391e+02

283.909	   2.8391e+02

283.909	   2.8391e+02

283.909	   2.8391e+02

283.909	   2.8391e+02

283.909	   2.8391e+02

283.909	   2.8391e+02

283.909	   2.8391e+02

283.909	   2.8391e+02

283.909	   2.8391e+02

283.62	   2.8391e+02

283.62	   2.8391e+02

283.62	   2.8391e+02

283.62	   2.8391e+02

283.62	   2.8384e+02

283.62	   2.8372e+02

283.62	   2.8362e+02

283.62	   2.8362e+02

283.62	   2.8362e+02

283.62	   2.8362e+02

283.62	   2.8362e+02

283.62	   2.8362e+02

283.62	   2.8362e+02

283.62	   2.8362e+02

283.62	   2.8362e+02

283.62	   2.8362e+02

283.62	   2.8362e+02

282.249	   2.8362e+02

282.249	   2.8362e+02

282.249	   2.8362e+02

282.249	   2.8362e+02

282.249	   2.8362e+02

282.249	   2.8362e+02

282.249	   2.8362e+02

282.249	   2.8362e+02

282.249	   2.8362e+02

281.665	   2.8329e+02

281.117	   2.8259e+02

281.117	   2.8192e+02

279.745	   2.8150e+02

279.745	   2.8076e+02

279.745	   2.7999e+02

279.745	   2.7974e+02

279.745	   2.7974e+02

279.745	   2.7974e+02

279.745	   2.7974e+02

279.745	   2.7974e+02

279.745	   2.7974e+02

279.745	   2.7974e+02

279.646	   2.7974e+02

279.646	   2.7974e+02

279.646	   2.7974e+02

279.646	   2.7974e+02

279.646	   2.7974e+02

279.646	   2.7974e+02

279.646	   2.7974e+02

279.646	   2.7974e+02

279.646	   2.7974e+02

279.646	   2.7974e+02

279.646	   2.7974e+02

279.646	   2.7974e+02

279.646	   2.7974e+02

279.646	   2.7974e+02

279.646	   2.7974e+02

279.646	   2.7974e+02

279.646	   2.7974e+02

279.646	   2.7974e+02

278.583	   2.7972e+02

278.583	   2.7967e+02

278.583	   2.7964e+02

278.583	   2.7964e+02

278.583	   2.7964e+02

278.583	   2.7964e+02

275.454	   2.7935e+02

275.454	   2.7883e+02

275.454	   2.7848e+02

275.454	   2.7848e+02

275.454	   2.7848e+02

275.454	   2.7848e+02

275.454	   2.7848e+02

275.454	   2.7848e+02

275.454	   2.7848e+02

275.454	   2.7848e+02

275.454	   2.7848e+02

275.454	   2.7848e+02

275.454	   2.7848e+02

275.454	   2.7848e+02

275.454	   2.7848e+02

275.454	   2.7848e+02

275.454	   2.7848e+02

275.454	   2.7848e+02

275.454	   2.7848e+02

275.454	   2.7848e+02

275.454	   2.7848e+02

275.454	   2.7848e+02

275.454	   2.7848e+02

275.454	   2.7848e+02

275.454	   2.7848e+02

275.454	   2.7848e+02

275.454	   2.7848e+02

275.454	   2.7848e+02

275.454	   2.7848e+02

275.454	   2.7848e+02

275.454	   2.7848e+02

275.454	   2.7848e+02

275.454	   2.7848e+02

275.454	   2.7848e+02

275.454	   2.7848e+02

275.454	   2.7848e+02

275.454	   2.7848e+02

275.454	   2.7848e+02

275.454	   2.7848e+02

275.454	   2.7848e+02

275.454	   2.7848e+02

275.454	   2.7848e+02

275.454	   2.7848e+02

275.454	   2.7848e+02

275.454	   2.7848e+02

275.454	   2.7848e+02

275.454	   2.7848e+02

275.454	   2.7848e+02

275.454	   2.7848e+02

275.454	   2.7848e+02

275.454	   2.7848e+02

275.454	   2.7848e+02

275.454	   2.7848e+02

275.454	   2.7848e+02

275.454	   2.7848e+02

275.454	   2.7848e+02

275.454	   2.7848e+02

275.454	   2.7848e+02

275.454	   2.7848e+02

275.454	   2.7848e+02

275.454	   2.7848e+02

274.293	   2.7838e+02

274.293	   2.7738e+02

274.293	   2.7570e+02

274.293	   2.7440e+02

274.293	   2.7429e+02

274.293	   2.7429e+02

274.293	   2.7429e+02

274.293	   2.7429e+02

274.293	   2.7429e+02

274.293	   2.7429e+02

274.293	   2.7429e+02

274.293	   2.7429e+02

274.293	   2.7429e+02

274.293	   2.7429e+02

274.293	   2.7429e+02

274.293	   2.7429e+02

274.293	   2.7429e+02

274.293	   2.7429e+02

274.293	   2.7429e+02

274.293	   2.7429e+02

274.293	   2.7429e+02

274.293	   2.7429e+02

274.293	   2.7429e+02

274.293	   2.7429e+02

274.293	   2.7429e+02

274.293	   2.7429e+02

274.293	   2.7429e+02

274.293	   2.7429e+02

274.293	   2.7429e+02

274.293	   2.7429e+02

274.293	   2.7429e+02

274.293	   2.7429e+02

274.293	   2.7429e+02

274.293	   2.7429e+02

274.293	   2.7429e+02

274.293	   2.7429e+02

274.293	   2.7429e+02

274.293	   2.7429e+02

274.293	   2.7429e+02

274.293	   2.7429e+02

274.293	   2.7429e+02

274.293	   2.7429e+02

274.293	   2.7429e+02

274.293	   2.7429e+02

274.293	   2.7429e+02

274.293	   2.7429e+02

274.293	   2.7429e+02

274.293	   2.7429e+02

274.293	   2.7429e+02

274.293	   2.7429e+02

274.293	   2.7429e+02

274.293	   2.7429e+02

274.293	   2.7429e+02

274.293	   2.7429e+02

274.293	   2.7429e+02

274.293	   2.7429e+02

274.293	   2.7429e+02

274.293	   2.7429e+02

274.293	   2.7429e+02

274.293	   2.7429e+02

274.293	   2.7429e+02

274.293	   2.7429e+02

274.293	   2.7429e+02

274.293	   2.7429e+02

274.293	   2.7429e+02

274.293	   2.7429e+02

274.293	   2.7429e+02

274.293	   2.7429e+02

274.293	   2.7429e+02

274.293	   2.7429e+02

274.293	   2.7429e+02

274.293	   2.7429e+02

274.293	   2.7429e+02

274.293	   2.7429e+02

274.293	   2.7429e+02

274.293	   2.7429e+02

274.293	   2.7429e+02

274.293	   2.7429e+02

274.293	   2.7429e+02

274.293	   2.7429e+02

274.293	   2.7429e+02

274.293	   2.7429e+02

274.293	   2.7429e+02

274.293	   2.7429e+02

274.293	   2.7429e+02

274.293	   2.7429e+02

274.293	   2.7429e+02

274.293	   2.7429e+02

274.293	   2.7429e+02

274.293	   2.7429e+02

274.293	   2.7429e+02

274.293	   2.7429e+02

274.293	   2.7429e+02

274.293	   2.7429e+02

274.293	   2.7429e+02

274.293	   2.7429e+02

274.293	   2.7429e+02

274.293	   2.7429e+02

274.293	   2.7429e+02

274.293	   2.7429e+02

274.293	   2.7429e+02

274.293	   2.7429e+02

274.293	   2.7429e+02

274.293	   2.7429e+02

274.293	   2.7429e+02

274.293	   2.7429e+02

274.293	   2.7429e+02

274.293	   2.7429e+02

274.293	   2.7429e+02

274.293	   2.7429e+02

274.293	   2.7429e+02

274.293	   2.7429e+02

274.293	   2.7429e+02

274.293	   2.7429e+02

274.293	   2.7429e+02

274.293	   2.7429e+02

274.293	   2.7429e+02

274.293	   2.7429e+02

274.293	   2.7429e+02

274.293	   2.7429e+02

274.293	   2.7429e+02

274.293	   2.7429e+02

274.293	   2.7429e+02

274.293	   2.7429e+02

274.293	   2.7429e+02

274.293	   2.7429e+02

274.293	   2.7429e+02

274.293	   2.7429e+02

274.293	   2.7429e+02

274.293	   2.7429e+02

274.293	   2.7429e+02

274.293	   2.7429e+02

274.293	   2.7429e+02

274.293	   2.7429e+02

274.293	   2.7429e+02

274.293	   2.7429e+02

274.293	   2.7429e+02

274.293	   2.7429e+02

274.293	   2.7429e+02

274.293	   2.7429e+02

274.293	   2.7429e+02

274.293	   2.7429e+02

274.293	   2.7429e+02

274.293	   2.7429e+02

274.293	   2.7429e+02

274.293	   2.7429e+02

274.293	   2.7429e+02

274.293	   2.7429e+02

274.293	   2.7429e+02

274.293	   2.7429e+02

274.293	   2.7429e+02

274.293	   2.7429e+02

274.293	   2.7429e+02

274.293	   2.7429e+02

274.293	   2.7429e+02

274.293	   2.7429e+02

274.293	   2.7429e+02

274.293	   2.7429e+02

274.293	   2.7429e+02

274.293	   2.7429e+02

274.293	   2.7429e+02

274.293	   2.7429e+02

274.293	   2.7429e+02

274.293	   2.7429e+02

274.293	   2.7429e+02

274.293	   2.7429e+02

274.293	   2.7429e+02

274.293	   2.7429e+02

274.293	   2.7429e+02

274.293	   2.7429e+02

274.293	   2.7429e+02

274.293	   2.7429e+02

274.293	   2.7429e+02

274.293	   2.7429e+02

274.293	   2.7429e+02

274.293	   2.7429e+02

274.293	   2.7429e+02

274.293	   2.7429e+02

274.293	   2.7429e+02

274.293	   2.7429e+02

274.293	   2.7429e+02

274.293	   2.7429e+02

274.293	   2.7429e+02

274.293	   2.7429e+02

274.293	   2.7429e+02

274.293	   2.7429e+02

274.293	   2.7429e+02

274.293	   2.7429e+02

274.293	   2.7429e+02

274.293	   2.7429e+02

274.293	   2.7429e+02

274.293	   2.7429e+02

274.293	   2.7429e+02

274.293	   2.7429e+02

274.293	   2.7429e+02

274.293	   2.7429e+02

274.293	   2.7429e+02

274.293	   2.7429e+02

274.293	   2.7429e+02

274.293	   2.7429e+02

274.293	   2.7429e+02

274.293	   2.7429e+02

274.293	   2.7429e+02

274.293	   2.7429e+02

274.293	   2.7429e+02

274.293	   2.7429e+02

274.293	   2.7429e+02

274.293	   2.7429e+02

274.293	   2.7429e+02

274.293	   2.7429e+02

274.293	   2.7429e+02

274.293	   2.7429e+02

274.293	   2.7429e+02

274.293	   2.7429e+02

274.293	   2.7429e+02

274.293	   2.7429e+02

274.293	   2.7429e+02

274.293	   2.7429e+02

274.293	   2.7429e+02

274.293	   2.7429e+02

274.293	   2.7429e+02

274.293	   2.7429e+02

274.293	   2.7429e+02

274.293	   2.7429e+02

274.293	   2.7429e+02

274.293	   2.7429e+02

274.293	   2.7429e+02

274.293	   2.7429e+02

274.293	   2.7429e+02

274.293	   2.7429e+02

274.293	   2.7429e+02

274.293	   2.7429e+02

274.293	   2.7429e+02

274.293	   2.7429e+02

274.293	   2.7429e+02

274.293	   2.7429e+02

274.293	   2.7429e+02

274.293	   2.7429e+02

274.293	   2.7429e+02

274.293	   2.7429e+02

274.293	   2.7429e+02

274.293	   2.7429e+02

274.293	   2.7429e+02

274.293	   2.7429e+02

274.293	   2.7429e+02

274.293	   2.7429e+02

274.293	   2.7429e+02

274.293	   2.7429e+02

274.293	   2.7429e+02

274.293	   2.7429e+02

274.293	   2.7429e+02

274.293	   2.7429e+02

274.293	   2.7429e+02

274.293	   2.7429e+02

274.293	   2.7429e+02

274.293	   2.7429e+02

274.293	   2.7429e+02

274.293	   2.7429e+02

274.293	   2.7429e+02

274.293	   2.7429e+02

274.293	   2.7429e+02

274.293	   2.7429e+02

274.293	   2.7429e+02

274.293	   2.7429e+02

274.293	   2.7429e+02

274.293	   2.7429e+02

274.293	   2.7429e+02

274.293	   2.7429e+02

274.293	   2.7429e+02

274.293	   2.7429e+02

274.293	   2.7429e+02

274.293	   2.7429e+02

274.293	   2.7429e+02

274.293	   2.7429e+02

274.293	   2.7429e+02

274.293	   2.7429e+02

274.293	   2.7429e+02

274.293	   2.7429e+02

274.293	   2.7429e+02

