Chi
103.72
94.88
101.02
89.16
89.44
116.46
112
114.16
143.84
104.46
104.7
96
77.66
132.82
129.18
100.54
120.82
112.2
107.44
102.46
91.36
107.76
109.18
73.54
114.38
82.38
112.38
79.8
96.16
67.22
74.22
79.26
88.72
107.14
72.82
95.52
91.16
73.94
98.6
100.52
89.74
91.94
95.52
87.98
84.08
108.7
97.04
96.6
98.7
109.28
123.46
101.58
116.62
118.54
102.8
91.04
103.68
127.46
126.4
103.2
97.22
90.5
117.38
99.68
89.44
84.9
93.92
105.92
88.54
138.7
105.06
105.54
108.52
116.68
88.34
88.1
117.42
121.74
101.72
85.64
101.62
96.1
84.22
91.62
95.18
95.7
97.58
103.98
102.66
89.2
89.8
109.42
114.04
89.16
79.84
75.86
86.5
76.86
72.38
108.8
