best	 mean
1121.38	   1.1090e+03

803.904	   9.2872e+02

679.329	   7.8305e+02

614.761	   7.1573e+02

614.761	   6.6175e+02

589.917	   6.2724e+02

556.676	   6.0735e+02

541.307	   5.7845e+02

520.595	   5.5547e+02

510.935	   5.3905e+02

472.204	   5.1803e+02

472.204	   4.9859e+02

458.274	   4.8275e+02

458.146	   4.7138e+02

454.906	   4.6203e+02

449.771	   4.5889e+02

432.227	   4.5296e+02

427.337	   4.4264e+02

427.272	   4.3267e+02

413.806	   4.2849e+02

406.769	   4.2442e+02

406.769	   4.1926e+02

402.856	   4.1319e+02

402.856	   4.0952e+02

393.879	   4.0700e+02

336.929	   3.7304e+02

336.791	   3.4451e+02

336.77	   3.3911e+02

334.604	   3.3766e+02

332.786	   3.3646e+02

332.786	   3.3534e+02

332.786	   3.3379e+02

332.786	   3.3295e+02

332.786	   3.3295e+02

326.438	   3.3294e+02

326.438	   3.3251e+02

326.438	   3.3158e+02

326.438	   3.3052e+02

324.31	   3.2983e+02

319.213	   3.2787e+02

319.005	   3.2422e+02

318.956	   3.2102e+02

318.956	   3.1911e+02

318.543	   3.1898e+02

318.543	   3.1886e+02

315.045	   3.1865e+02

311.554	   3.1791e+02

308.084	   3.1582e+02

297.469	   3.0981e+02

297.469	   3.0476e+02

297.469	   3.0030e+02

297.084	   2.9781e+02

297.084	   2.9747e+02

297.084	   2.9747e+02

292.203	   2.9676e+02

292.203	   2.9494e+02

292.203	   2.9363e+02

290.354	   2.9337e+02

290.354	   2.9272e+02

290.354	   2.9217e+02

290.354	   2.9188e+02

290.354	   2.9142e+02

290.354	   2.9103e+02

287.186	   2.9095e+02

287.186	   2.9040e+02

287.186	   2.8967e+02

287.186	   2.8915e+02

287.186	   2.8915e+02

287.186	   2.8915e+02

287.186	   2.8915e+02

286.457	   2.8869e+02

286.457	   2.8754e+02

286.457	   2.8665e+02

286.457	   2.8646e+02

286.457	   2.8646e+02

286.457	   2.8646e+02

285.345	   2.8646e+02

285.345	   2.8646e+02

285.345	   2.8646e+02

285.345	   2.8646e+02

285.345	   2.8646e+02

285.345	   2.8642e+02

285.345	   2.8624e+02

285.345	   2.8594e+02

285.345	   2.8566e+02

285.345	   2.8566e+02

285.345	   2.8566e+02

285.345	   2.8566e+02

285.345	   2.8566e+02

283.117	   2.8563e+02

283.117	   2.8525e+02

280.301	   2.8427e+02

280.301	   2.8243e+02

280.301	   2.8113e+02

276.481	   2.7945e+02

276.481	   2.7789e+02

276.481	   2.7648e+02

276.481	   2.7648e+02

276.481	   2.7648e+02

276.481	   2.7648e+02

276.481	   2.7648e+02

276.481	   2.7648e+02

276.481	   2.7648e+02

276.481	   2.7648e+02

276.481	   2.7648e+02

276.481	   2.7648e+02

276.481	   2.7648e+02

276.481	   2.7648e+02

276.481	   2.7648e+02

276.481	   2.7648e+02

276.481	   2.7648e+02

276.481	   2.7648e+02

276.481	   2.7648e+02

276.481	   2.7648e+02

276.481	   2.7648e+02

276.481	   2.7648e+02

276.481	   2.7648e+02

275.588	   2.7643e+02

275.588	   2.7637e+02

275.588	   2.7634e+02

275.588	   2.7634e+02

275.588	   2.7634e+02

275.588	   2.7634e+02

275.588	   2.7634e+02

275.588	   2.7634e+02

275.588	   2.7634e+02

275.588	   2.7634e+02

275.588	   2.7634e+02

275.588	   2.7634e+02

275.588	   2.7634e+02

275.588	   2.7634e+02

275.588	   2.7634e+02

275.588	   2.7634e+02

275.588	   2.7634e+02

275.588	   2.7634e+02

275.588	   2.7634e+02

275.588	   2.7634e+02

275.588	   2.7634e+02

275.588	   2.7634e+02

275.588	   2.7634e+02

275.489	   2.7609e+02

275.489	   2.7571e+02

275.489	   2.7549e+02

275.489	   2.7549e+02

275.15	   2.7549e+02

275.15	   2.7549e+02

275.15	   2.7549e+02

275.15	   2.7549e+02

275.15	   2.7549e+02

275.15	   2.7549e+02

275.15	   2.7549e+02

275.15	   2.7549e+02

275.15	   2.7549e+02

275.15	   2.7549e+02

275.15	   2.7549e+02

275.15	   2.7549e+02

275.15	   2.7542e+02

275.15	   2.7529e+02

274.479	   2.7522e+02

274.479	   2.7519e+02

274.479	   2.7515e+02

274.479	   2.7515e+02

274.479	   2.7515e+02

274.14	   2.7478e+02

274.14	   2.7427e+02

274.14	   2.7414e+02

274.14	   2.7414e+02

274.14	   2.7414e+02

274.14	   2.7414e+02

274.14	   2.7414e+02

274.14	   2.7414e+02

274.14	   2.7414e+02

274.14	   2.7414e+02

274.14	   2.7414e+02

274.14	   2.7414e+02

274.14	   2.7414e+02

274.14	   2.7414e+02

274.14	   2.7414e+02

274.14	   2.7414e+02

274.14	   2.7414e+02

274.14	   2.7414e+02

274.14	   2.7414e+02

274.14	   2.7414e+02

274.14	   2.7414e+02

274.14	   2.7414e+02

274.14	   2.7414e+02

271.917	   2.7340e+02

271.917	   2.7241e+02

271.917	   2.7192e+02

271.917	   2.7192e+02

271.917	   2.7192e+02

271.917	   2.7192e+02

271.917	   2.7192e+02

271.917	   2.7192e+02

271.917	   2.7192e+02

271.917	   2.7192e+02

271.917	   2.7192e+02

271.917	   2.7192e+02

271.917	   2.7192e+02

271.917	   2.7192e+02

271.917	   2.7192e+02

271.917	   2.7192e+02

271.917	   2.7192e+02

271.917	   2.7192e+02

271.917	   2.7192e+02

271.917	   2.7192e+02

271.917	   2.7192e+02

271.917	   2.7192e+02

271.917	   2.7192e+02

271.917	   2.7192e+02

271.917	   2.7192e+02

271.917	   2.7192e+02

271.917	   2.7192e+02

271.917	   2.7192e+02

271.917	   2.7192e+02

271.917	   2.7192e+02

271.917	   2.7192e+02

271.917	   2.7192e+02

271.917	   2.7192e+02

271.917	   2.7192e+02

271.917	   2.7192e+02

271.917	   2.7192e+02

271.917	   2.7192e+02

271.917	   2.7192e+02

271.917	   2.7192e+02

271.917	   2.7192e+02

271.917	   2.7192e+02

271.917	   2.7192e+02

271.917	   2.7192e+02

271.917	   2.7192e+02

271.917	   2.7192e+02

271.917	   2.7192e+02

271.917	   2.7192e+02

271.917	   2.7192e+02

271.917	   2.7192e+02

271.917	   2.7192e+02

271.917	   2.7192e+02

271.917	   2.7192e+02

271.917	   2.7192e+02

271.917	   2.7192e+02

271.917	   2.7192e+02

271.917	   2.7192e+02

271.917	   2.7192e+02

271.917	   2.7192e+02

271.917	   2.7192e+02

271.917	   2.7192e+02

271.917	   2.7192e+02

271.917	   2.7192e+02

271.917	   2.7192e+02

271.917	   2.7192e+02

271.917	   2.7192e+02

271.917	   2.7192e+02

271.917	   2.7192e+02

271.917	   2.7192e+02

271.917	   2.7192e+02

271.917	   2.7192e+02

271.917	   2.7192e+02

271.917	   2.7192e+02

271.917	   2.7192e+02

271.917	   2.7192e+02

271.917	   2.7192e+02

271.917	   2.7192e+02

271.917	   2.7192e+02

271.917	   2.7192e+02

271.917	   2.7192e+02

271.917	   2.7192e+02

271.917	   2.7192e+02

271.917	   2.7192e+02

271.917	   2.7192e+02

271.917	   2.7192e+02

271.917	   2.7192e+02

271.917	   2.7192e+02

271.917	   2.7192e+02

271.917	   2.7192e+02

271.917	   2.7192e+02

271.917	   2.7192e+02

271.917	   2.7192e+02

271.917	   2.7192e+02

271.917	   2.7192e+02

271.917	   2.7192e+02

271.917	   2.7192e+02

271.917	   2.7192e+02

271.917	   2.7192e+02

271.917	   2.7192e+02

271.917	   2.7192e+02

271.917	   2.7192e+02

271.917	   2.7192e+02

271.917	   2.7192e+02

271.917	   2.7192e+02

271.917	   2.7192e+02

271.917	   2.7192e+02

271.917	   2.7192e+02

271.917	   2.7192e+02

271.917	   2.7192e+02

271.917	   2.7192e+02

271.917	   2.7192e+02

271.917	   2.7192e+02

271.917	   2.7192e+02

271.917	   2.7192e+02

271.917	   2.7192e+02

271.917	   2.7192e+02

271.917	   2.7192e+02

271.917	   2.7192e+02

271.917	   2.7192e+02

271.917	   2.7192e+02

271.917	   2.7192e+02

271.917	   2.7192e+02

271.917	   2.7192e+02

271.917	   2.7192e+02

271.917	   2.7192e+02

271.917	   2.7192e+02

271.917	   2.7192e+02

271.917	   2.7192e+02

271.917	   2.7192e+02

271.917	   2.7192e+02

271.917	   2.7192e+02

271.917	   2.7192e+02

271.917	   2.7192e+02

271.917	   2.7192e+02

271.917	   2.7192e+02

271.917	   2.7192e+02

271.917	   2.7192e+02

271.917	   2.7192e+02

271.917	   2.7192e+02

271.917	   2.7192e+02

271.917	   2.7192e+02

271.917	   2.7192e+02

271.917	   2.7192e+02

271.917	   2.7192e+02

271.917	   2.7192e+02

271.917	   2.7192e+02

271.917	   2.7192e+02

271.917	   2.7192e+02

271.917	   2.7192e+02

271.917	   2.7192e+02

271.917	   2.7192e+02

271.917	   2.7192e+02

271.917	   2.7192e+02

271.917	   2.7192e+02

271.917	   2.7192e+02

271.917	   2.7192e+02

271.917	   2.7192e+02

271.917	   2.7192e+02

271.917	   2.7192e+02

271.917	   2.7192e+02

271.917	   2.7192e+02

271.917	   2.7192e+02

271.917	   2.7192e+02

271.917	   2.7192e+02

271.917	   2.7192e+02

271.917	   2.7192e+02

271.917	   2.7192e+02

271.917	   2.7192e+02

271.917	   2.7192e+02

271.917	   2.7192e+02

271.917	   2.7192e+02

271.917	   2.7192e+02

271.917	   2.7192e+02

271.917	   2.7192e+02

271.917	   2.7192e+02

271.917	   2.7192e+02

271.917	   2.7192e+02

271.917	   2.7192e+02

271.917	   2.7192e+02

271.917	   2.7192e+02

271.917	   2.7192e+02

271.917	   2.7192e+02

271.917	   2.7192e+02

271.917	   2.7192e+02

271.917	   2.7192e+02

271.917	   2.7192e+02

271.917	   2.7192e+02

271.917	   2.7192e+02

271.917	   2.7192e+02

271.917	   2.7192e+02

271.917	   2.7192e+02

271.917	   2.7192e+02

271.917	   2.7192e+02

271.917	   2.7192e+02

271.917	   2.7192e+02

271.917	   2.7192e+02

271.917	   2.7192e+02

271.917	   2.7192e+02

271.917	   2.7192e+02

271.917	   2.7192e+02

271.917	   2.7192e+02

271.917	   2.7192e+02

271.917	   2.7192e+02

271.917	   2.7192e+02

271.917	   2.7192e+02

271.917	   2.7192e+02

271.917	   2.7192e+02

271.917	   2.7192e+02

271.29	   2.7192e+02

271.29	   2.7192e+02

271.29	   2.7192e+02

271.29	   2.7192e+02

271.29	   2.7192e+02

271.29	   2.7192e+02

271.29	   2.7192e+02

271.29	   2.7192e+02

271.29	   2.7192e+02

271.29	   2.7192e+02

271.29	   2.7192e+02

271.29	   2.7192e+02

271.29	   2.7192e+02

271.29	   2.7192e+02

271.29	   2.7192e+02

271.29	   2.7192e+02

271.29	   2.7192e+02

271.29	   2.7192e+02

271.29	   2.7192e+02

271.29	   2.7192e+02

271.29	   2.7192e+02

271.29	   2.7192e+02

271.29	   2.7192e+02

271.29	   2.7168e+02

271.29	   2.7139e+02

271.29	   2.7129e+02

271.29	   2.7129e+02

271.29	   2.7129e+02

271.29	   2.7129e+02

271.29	   2.7129e+02

271.29	   2.7129e+02

271.29	   2.7129e+02

271.29	   2.7129e+02

271.29	   2.7129e+02

271.29	   2.7129e+02

271.29	   2.7129e+02

271.29	   2.7129e+02

271.29	   2.7129e+02

271.29	   2.7129e+02

271.29	   2.7129e+02

271.29	   2.7129e+02

271.29	   2.7129e+02

271.29	   2.7129e+02

271.29	   2.7129e+02

271.29	   2.7129e+02

271.29	   2.7129e+02

269.822	   2.7129e+02

269.822	   2.7129e+02

269.822	   2.7129e+02

269.822	   2.7129e+02

269.822	   2.7129e+02

269.822	   2.7129e+02

269.822	   2.7129e+02

269.822	   2.7098e+02

269.822	   2.7030e+02

269.822	   2.6982e+02

269.822	   2.6982e+02

269.822	   2.6982e+02

269.822	   2.6982e+02

269.822	   2.6982e+02

269.822	   2.6982e+02

269.822	   2.6982e+02

269.822	   2.6982e+02

269.822	   2.6982e+02

269.822	   2.6982e+02

269.822	   2.6982e+02

269.822	   2.6982e+02

269.822	   2.6982e+02

269.822	   2.6982e+02

269.822	   2.6982e+02

269.822	   2.6982e+02

269.822	   2.6982e+02

269.822	   2.6982e+02

269.822	   2.6982e+02

269.822	   2.6982e+02

269.822	   2.6982e+02

269.822	   2.6982e+02

269.822	   2.6982e+02

269.822	   2.6982e+02

269.822	   2.6982e+02

269.822	   2.6982e+02

269.822	   2.6982e+02

269.822	   2.6982e+02

269.822	   2.6982e+02

269.822	   2.6982e+02

269.822	   2.6982e+02

269.822	   2.6982e+02

269.822	   2.6982e+02

269.822	   2.6982e+02

269.822	   2.6982e+02

269.822	   2.6982e+02

269.822	   2.6982e+02

269.822	   2.6982e+02

269.822	   2.6982e+02

269.822	   2.6982e+02

269.822	   2.6982e+02

269.822	   2.6982e+02

269.822	   2.6982e+02

269.822	   2.6982e+02

269.822	   2.6982e+02

269.822	   2.6982e+02

269.822	   2.6982e+02

269.822	   2.6982e+02

269.822	   2.6982e+02

269.822	   2.6982e+02

269.822	   2.6982e+02

269.822	   2.6982e+02

269.822	   2.6982e+02

