            0.797429            0.593114           -0.440501
            0.792403            0.584664           -0.436589
            0.801269            0.585975           -0.437784
            0.796874            0.586584           -0.437113
            0.802678            0.589752           -0.436722
            0.797088            0.599378           -0.442893
            0.805024            0.597497           -0.442006
            0.809154            0.596112           -0.441452
            0.801011            0.596191           -0.440063
            0.791923            0.596933           -0.441193
            0.799983            0.605048           -0.440717
            0.800118            0.604057           -0.440944
            0.800585            0.595201           -0.438783
            0.805839            0.596451           -0.442006
            0.812537            0.600685           -0.440303
            0.806477            0.608168           -0.442474
            0.815495            0.612052           -0.441945
            0.820662            0.619322            -0.44114
            0.813116             0.62091           -0.443778
            0.810686            0.623229           -0.443586
            0.814026            0.622222           -0.442897
            0.805876            0.619409           -0.444017
            0.801531            0.614176           -0.444299
            0.800453            0.617041           -0.443664
            0.800347             0.62195             -0.4424
            0.792952            0.629904           -0.442616
             0.79511            0.627328           -0.443696
            0.792016            0.629822           -0.442892
            0.797358            0.620132           -0.444582
            0.789427            0.626302           -0.442976
            0.787278            0.626151           -0.443082
            0.796666            0.627626           -0.442474
            0.802853             0.62317           -0.444522
            0.800252            0.620978           -0.443066
            0.806104            0.616237           -0.443558
            0.801422             0.62484           -0.443729
            0.807395            0.628268           -0.443186
            0.806839            0.633715           -0.442099
            0.801334            0.635166           -0.441579
            0.801457            0.640597           -0.438333
            0.808308            0.650291           -0.436347
            0.802564            0.650967           -0.436241
            0.805717            0.654738           -0.434876
            0.798734            0.645387           -0.438244
            0.806988            0.635946           -0.441494
            0.808206            0.639193           -0.438324
            0.813835            0.639147           -0.439048
            0.813453            0.645382           -0.439854
            0.817297            0.641433           -0.438647
            0.825542            0.639742           -0.437713
            0.829712            0.646495           -0.434687
            0.835023            0.650879           -0.430381
            0.841411            0.659834            -0.42536
            0.839516            0.660755           -0.419228
            0.848408            0.652625           -0.424094
            0.856267             0.65806           -0.417169
            0.859155            0.666664           -0.410233
            0.859029            0.666143           -0.407255
             0.86872            0.671988           -0.400726
            0.872495            0.668331           -0.399055
            0.880657            0.660261           -0.398891
            0.872666            0.661519           -0.409029
            0.865393            0.670283           -0.403998
            0.869922            0.667718           -0.400989
            0.875334            0.671079           -0.391664
            0.875634            0.666536           -0.400549
            0.869097            0.670611           -0.401688
            0.868222             0.66812            -0.40257
            0.870602            0.671426           -0.397465
            0.865028            0.671403           -0.401407
            0.864935             0.67316           -0.403641
            0.862386            0.667391           -0.407526
            0.854537            0.674573           -0.410896
            0.861673            0.665856           -0.404522
            0.864139            0.678923           -0.393246
            0.868591            0.674912           -0.390957
            0.873131            0.683454           -0.388437
             0.86782              0.6822           -0.390261
            0.874767            0.673488           -0.396003
             0.87194            0.668519            -0.40108
            0.863954            0.667531           -0.405241
            0.867484            0.666388           -0.401226
             0.86544            0.659013           -0.407539
            0.868648            0.667992           -0.401731
            0.869026            0.673065           -0.397019
            0.859074            0.664696           -0.412281
            0.860022            0.662536           -0.412306
            0.860275            0.669582           -0.406202
            0.862337            0.670269           -0.402533
            0.856112            0.672602           -0.407526
            0.847194            0.669568           -0.414263
            0.840508             0.66656           -0.417576
            0.835884            0.658935           -0.426588
            0.830262            0.653411           -0.429959
            0.834524              0.6458           -0.429019
            0.840493            0.641075           -0.429467
            0.840451            0.632377           -0.434212
            0.849687            0.633582           -0.433453
            0.850075            0.635717           -0.428073
            0.840817            0.641623            -0.42949
            0.838306            0.645221           -0.433395
            0.833071             0.64128           -0.431195
            0.827269            0.640369           -0.436006
             0.82954            0.647217           -0.434699
            0.834048            0.645908           -0.432536
            0.834274            0.638752           -0.436735
            0.831971            0.643433           -0.436076
            0.822519            0.641242           -0.437043
             0.83106            0.644278           -0.435491
            0.838858            0.650952           -0.430129
            0.831179            0.651516             -0.4313
            0.839062            0.641574           -0.433083
            0.829821            0.632844           -0.440206
            0.838396            0.623584           -0.436135
            0.840662            0.620757            -0.43931
            0.831431            0.627416           -0.439691
             0.82991            0.626051           -0.440105
             0.82038            0.625324           -0.440518
            0.826669            0.619606            -0.44104
            0.831957            0.611197           -0.437726
            0.825203            0.612142           -0.443314
            0.825796            0.621414             -0.4394
            0.834047            0.612274           -0.441317
            0.839524            0.604252           -0.437101
            0.829791            0.600521           -0.438173
            0.834526             0.59524           -0.435027
            0.837254            0.592837           -0.434092
            0.842483            0.587453           -0.430733
             0.83863            0.577759             -0.4254
            0.846459            0.581826           -0.425003
            0.843813            0.588341           -0.432444
            0.847933            0.587689           -0.428427
            0.857885            0.578908           -0.417959
            0.849232            0.579824           -0.423158
            0.844913             0.58054           -0.427094
            0.848498            0.577113           -0.421158
            0.851901            0.567171           -0.413611
            0.849717            0.558526           -0.400905
            0.852305            0.551471            -0.39317
            0.856399            0.551843            -0.39037
            0.850328            0.554297            -0.39684
            0.854084            0.555875           -0.395654
            0.861265            0.550375            -0.38485
             0.85575            0.557202           -0.397575
            0.852385            0.560899           -0.402888
            0.851565            0.566781           -0.412583
            0.842346            0.564794           -0.412325
            0.847453             0.57267            -0.41635
             0.85708            0.574826           -0.415457
            0.847697            0.568685           -0.414031
            0.851566            0.566407           -0.412195
            0.852842            0.557884           -0.402209
            0.849222            0.550177           -0.391099
            0.857474            0.547593           -0.384575
            0.849654            0.555033           -0.395783
            0.849632            0.546615           -0.383011
            0.850962            0.545922           -0.383248
            0.855104            0.536505           -0.369161
            0.863332            0.542653           -0.368738
              0.8577            0.551615           -0.388936
            0.860081            0.558618            -0.39709
            0.869526            0.549983           -0.383005
            0.871169            0.543901            -0.36837
            0.868262            0.553055           -0.384578
            0.865505            0.553602           -0.384538
            0.869139            0.561413            -0.40003
            0.878098            0.566441           -0.398304
            0.872346             0.56827           -0.403744
            0.878276             0.56602            -0.39756
            0.872244            0.566951           -0.403035
            0.879633            0.575177           -0.404713
            0.885724            0.572235           -0.398802
            0.888866            0.579863            -0.40011
             0.88218            0.574045           -0.404671
            0.891243            0.577875            -0.40099
            0.895877            0.580966           -0.395242
            0.890671            0.579691           -0.397752
            0.890784            0.585142           -0.403083
            0.899087            0.581184            -0.39706
            0.904701             0.58627           -0.395804
            0.899693            0.583205            -0.39521
            0.909478            0.590738           -0.393093
            0.912906            0.585587           -0.386447
            0.904416            0.576205            -0.38803
            0.902305            0.580271           -0.391693
            0.901845            0.586775           -0.396358
             0.89986            0.581241           -0.396532
            0.892074            0.588916           -0.407757
            0.887718            0.589195           -0.405351
            0.885047            0.587049            -0.40985
            0.882859            0.589005           -0.411368
            0.874047            0.587988           -0.416733
             0.86818            0.592009           -0.421406
            0.858533            0.600067           -0.427834
            0.848889            0.599513           -0.433081
              0.8536            0.593176           -0.431821
            0.863269            0.585007           -0.420413
            0.865645            0.582142           -0.417009
            0.862361            0.578683           -0.418067
            0.863356            0.569384           -0.407289
            0.856452            0.575937           -0.417626
            0.855248            0.582424            -0.42076
            0.853232            0.575373            -0.41684
            0.859799            0.578378            -0.41527
            0.868296            0.582465           -0.416433
            0.870686            0.580443            -0.41226
            0.874502            0.572778           -0.403881
            0.876958            0.566158           -0.398707
            0.876405            0.559633           -0.390958
            0.878115            0.563264           -0.397334
            0.868619             0.56939           -0.405121
            0.875465            0.560024           -0.389593
            0.876159            0.561323           -0.392895
             0.87186            0.561981           -0.396429
            0.864487            0.568303           -0.407845
            0.858989            0.571811            -0.41175
            0.864694            0.562157           -0.398458
             0.86039            0.554488           -0.391168
            0.856196            0.555668           -0.395061
            0.849042            0.563881           -0.409406
            0.855261            0.557999           -0.398411
            0.864381            0.557086           -0.396328
            0.859119            0.559638           -0.399819
            0.866457            0.560983           -0.395369
            0.858712            0.570118           -0.412124
            0.868291             0.56014           -0.394527
            0.870811            0.564044           -0.397056
            0.864809            0.569078           -0.408119
            0.861111            0.578355           -0.418715
            0.858575            0.575459           -0.414992
             0.85843            0.576771           -0.417736
            0.860763            0.571185           -0.411284
            0.856006            0.570668           -0.413157
            0.858801            0.569182            -0.41065
            0.864841            0.576071           -0.415012
            0.867485            0.576733           -0.410364
            0.862126             0.56805           -0.408306
            0.856904            0.576035           -0.417542
            0.853186            0.581803           -0.422828
            0.859401            0.580092            -0.41884
            0.849479            0.583163           -0.426401
            0.850787            0.580988            -0.42225
            0.859733            0.574707           -0.415218
             0.85772            0.584685           -0.423641
            0.847825            0.586664           -0.427498
            0.846566            0.591493           -0.428554
            0.846221            0.594143           -0.431353
            0.843362            0.591152           -0.430825
            0.851009            0.595214           -0.429569
            0.842914            0.585657           -0.428902
            0.847673            0.588856           -0.427999
            0.852542            0.582617           -0.423963
             0.85178            0.586409           -0.425189
            0.853696            0.577483           -0.420151
            0.859831            0.586597           -0.423904
            0.859602             0.59396           -0.427004
            0.856477            0.595858           -0.430078
            0.862558            0.590066           -0.425772
            0.864259            0.583922           -0.419818
            0.857637            0.577931           -0.418165
             0.86727            0.573581           -0.411927
            0.860529            0.583327           -0.419361
            0.854318             0.58321           -0.422572
            0.846787             0.58571           -0.428192
            0.839539            0.576012           -0.425135
             0.84947            0.583222            -0.42569
            0.859153            0.583943           -0.422545
            0.852013            0.590041           -0.428718
            0.845787            0.582185           -0.425978
            0.846824            0.591914           -0.428866
            0.850154             0.59513            -0.42877
            0.845085            0.596933           -0.434627
            0.849851            0.591682            -0.42994
            0.848252            0.589516           -0.429615
            0.839762            0.581817           -0.428038
            0.846885            0.580844           -0.425441
            0.848749            0.586594           -0.428797
            0.849573            0.594953           -0.430183
            0.848679            0.590283           -0.428877
            0.854523            0.592808            -0.42823
            0.846541            0.592505           -0.433733
            0.841311            0.598463           -0.434325
            0.831372             0.59696           -0.439639
            0.826754            0.597216           -0.437979
            0.819021            0.605978           -0.442835
            0.828982            0.596567           -0.439028
             0.82614            0.590119           -0.434056
            0.830031            0.598069           -0.438927
            0.835698            0.593161           -0.433106
            0.829034            0.601703            -0.43847
             0.83388            0.604475           -0.439037
            0.835662             0.61149           -0.439535
            0.829983            0.611414           -0.442432
             0.82071            0.607542           -0.443385
            0.817399            0.608185           -0.442706
            0.813114            0.612344           -0.445727
            0.810096            0.609857           -0.445473
            0.814931            0.601329            -0.44315
            0.807711              0.5977           -0.442175
            0.809648            0.596458           -0.442076
            0.812445            0.588819           -0.436564
            0.806083             0.58816           -0.437994
            0.812123            0.583139           -0.434245
             0.81088            0.582126           -0.432683
            0.812572            0.574523           -0.428813
            0.815022            0.583439           -0.439138
            0.810729            0.585534           -0.437085
            0.815322            0.589792           -0.435673
            0.807927            0.594625           -0.438273
            0.806014             0.60093           -0.441888
            0.809323            0.607796           -0.443001
            0.802831            0.606344           -0.443674
            0.805761            0.596695            -0.44209
             0.79912            0.598592           -0.442803
            0.808851            0.600076           -0.442049
            0.807777            0.597227           -0.440216
            0.811076            0.597612           -0.438868
            0.810317            0.592076           -0.438679
            0.808147            0.585055           -0.436105
            0.801236            0.585928           -0.435899
            0.806061            0.583032           -0.433335
            0.807206            0.578824           -0.430273
            0.811128            0.574137           -0.429587
            0.819154            0.583333           -0.435442
            0.824204            0.585024           -0.435569
            0.828768            0.584177           -0.432774
            0.821161            0.591993           -0.440657
            0.813523            0.591877           -0.437323
            0.818689            0.586061           -0.435157
            0.827065            0.576688           -0.427434
            0.819346            0.567006           -0.418213
            0.818211            0.562078           -0.417847
            0.813547            0.565713           -0.417165
            0.809626            0.567678           -0.423109
            0.804683            0.576225           -0.427252
            0.809171            0.578368            -0.43173
             0.80519            0.576952           -0.432972
            0.809818            0.569885             -0.4235
            0.804339             0.56765           -0.421801
            0.795164            0.567529           -0.422548
            0.794591            0.565217           -0.420484
            0.793103            0.571667           -0.423919
             0.79249             0.57321           -0.428576
            0.801333            0.564682           -0.417685
            0.804874             0.57384           -0.431037
            0.801938            0.577645           -0.433013
             0.79961              0.5838           -0.435253
            0.790856              0.5829           -0.433876
            0.789601             0.58803           -0.440216
            0.791367            0.579988           -0.432006
            0.782402             0.57214           -0.425204
            0.787167            0.573761           -0.427831
            0.782217            0.573323            -0.42719
            0.773021             0.57399           -0.426244
            0.766338            0.579577           -0.431048
            0.774255             0.58442           -0.433142
              0.7648            0.587507           -0.433472
            0.767551            0.587011           -0.434266
             0.76602            0.579818           -0.430238
            0.767285            0.574438           -0.429327
            0.774422            0.578035           -0.430258
            0.775978            0.583309           -0.433506
            0.785093            0.585824           -0.436249
            0.778345            0.576976           -0.430542
            0.781912             0.57817           -0.430296
             0.77989               0.585           -0.434779
            0.777722            0.591233           -0.436095
            0.774981            0.590062           -0.437009
            0.777759            0.584868           -0.435861
            0.783554            0.585641           -0.435057
            0.789345            0.587077           -0.435904
            0.795321            0.592414           -0.439837
            0.794059            0.587405           -0.435788
            0.788111            0.595218           -0.440265
            0.793497            0.596748           -0.441858
             0.79128            0.593307           -0.439653
            0.799972            0.587259           -0.436902
            0.806602            0.580451              -0.434
            0.811306            0.571459           -0.425766
            0.802063            0.570668           -0.425436
            0.804582            0.567981           -0.425407
            0.797945            0.562672           -0.420745
             0.80769            0.562286           -0.416761
            0.815354            0.570407           -0.424933
             0.80944            0.577486           -0.427268
            0.812829            0.583279           -0.436047
            0.818373            0.576307           -0.431115
            0.809864            0.584814           -0.436529
            0.802615            0.579801           -0.433018
            0.805602            0.579114           -0.434589
            0.810988            0.576295           -0.429992
            0.814159            0.567337           -0.425774
            0.818017            0.577097           -0.430673
            0.815958            0.567954            -0.42377
            0.813123            0.582069           -0.433836
            0.816034            0.575716           -0.430962
            0.812878            0.569954           -0.423364
            0.807522            0.569295           -0.424304
            0.812498            0.579016           -0.429124
            0.815308            0.576482           -0.429861
            0.815832            0.581345            -0.43334
            0.810783            0.577317           -0.431022
            0.811563            0.568065           -0.422285
            0.813776            0.571964           -0.424929
            0.809323            0.564187           -0.421951
            0.814675            0.558065           -0.414298
            0.811828            0.553421            -0.40694
            0.807606            0.544335           -0.391984
            0.802112            0.555622           -0.410705
            0.794383            0.547645           -0.398295
            0.800016            0.543771           -0.392857
             0.79055            0.540319           -0.387001
            0.798613            0.532314           -0.370605
             0.80655            0.533083           -0.375199
            0.796882            0.526768            -0.36301
            0.803854            0.525965           -0.363953
            0.812514            0.525128           -0.356286
            0.821827            0.523241           -0.350663
            0.815837            0.529408           -0.365934
            0.809648            0.522881           -0.353699
            0.807188            0.526743           -0.362215
            0.803074            0.526536           -0.359876
            0.803658            0.532714           -0.377428
            0.793971            0.524249           -0.360793
            0.790061            0.519515           -0.346991
            0.799111            0.509517           -0.323843
            0.799959            0.505068           -0.309387
            0.808057             0.49645           -0.279227
            0.800351            0.494284           -0.272447
            0.808664            0.494685            -0.27038
            0.811517            0.488142           -0.250237
             0.80325            0.489494           -0.254788
            0.801593            0.479948           -0.216325
            0.801332            0.470336           -0.184508
            0.799852            0.477574            -0.20729
            0.796507            0.481226           -0.227167
            0.795232            0.480989           -0.224642
            0.803427            0.480026           -0.221754
            0.811838            0.488802           -0.251579
            0.818333            0.494144           -0.264214
            0.825923            0.500663            -0.28749
            0.822869            0.505629           -0.304935
            0.825937            0.505389           -0.301688
            0.833021            0.500435            -0.28199
            0.840462            0.507444             -0.3038
             0.84274            0.513364           -0.324449
            0.840785            0.506154           -0.300094
            0.844967            0.501708           -0.280392
             0.84578            0.498949           -0.271074
            0.839685            0.506362            -0.29936
            0.844055            0.513521           -0.316823
            0.841699            0.515405           -0.329763
             0.84007            0.506852           -0.299929
            0.836632            0.516371           -0.327656
            0.841566            0.515238           -0.321567
             0.84803            0.507993           -0.299737
            0.851909            0.510299            -0.30397
            0.855093             0.51228           -0.312031
            0.863348            0.514737           -0.310655
            0.863869            0.513547           -0.301102
            0.872018            0.516979           -0.311095
            0.871023            0.525313           -0.331458
            0.878966            0.531233           -0.340371
            0.874951            0.528803           -0.341729
            0.866536            0.537827           -0.361646
            0.873331            0.535368           -0.354236
            0.869358            0.525626            -0.33638
            0.876188            0.523947           -0.322421
            0.881019            0.516764           -0.301244
            0.889028            0.512447           -0.286883
             0.89678            0.505619           -0.258683
            0.891961            0.511215           -0.282106
             0.89382            0.513684           -0.290695
            0.892683            0.522549           -0.314585
            0.892347            0.526187            -0.32181
            0.894305            0.516772           -0.297659
             0.89085            0.507934           -0.276918
              0.8986            0.502109           -0.252055
            0.906301            0.506201            -0.25717
            0.905488            0.515495           -0.285304
            0.912267             0.51154           -0.264192
             0.91492            0.517512           -0.290019
             0.91031            0.508005            -0.25726
              0.9125            0.505063            -0.24987
            0.919122            0.514382           -0.267217
            0.928359            0.504999           -0.233004
            0.925826            0.520451           -0.280066
            0.921154             0.51828           -0.279216
            0.921031            0.516644           -0.277551
            0.920156            0.518178           -0.283632
            0.915478            0.512864           -0.267555
            0.911117            0.514884           -0.286197
             0.91036            0.520301           -0.287852
            0.912807            0.524012           -0.298957
            0.919058            0.519083           -0.280953
            0.922422            0.509313           -0.254985
            0.924272            0.508619           -0.249759
            0.925922            0.504995           -0.233311
            0.925105            0.502978             -0.2333
             0.92821            0.503112           -0.228861
            0.928322            0.501896           -0.228228
            0.936815            0.507166           -0.231328
            0.946595            0.509804           -0.234202
            0.955431            0.515021           -0.233048
            0.952515            0.523907           -0.262429
            0.945984            0.527963           -0.277381
            0.948582            0.533423           -0.288329
            0.939204            0.529667           -0.293902
             0.93215            0.530243           -0.298324
            0.935495            0.539346           -0.309946
            0.934311            0.531397           -0.298426
            0.935362            0.535336            -0.30156
            0.932095            0.538835            -0.31504
            0.934967            0.541435           -0.318999
            0.943319            0.542358           -0.307971
            0.947959            0.546597           -0.313667
            0.949599            0.548135           -0.309238
            0.951142            0.547367           -0.308051
             0.94716            0.537982           -0.299048
            0.957407            0.549897           -0.305308
            0.956902            0.555634           -0.312792
            0.952024            0.551476           -0.313991
            0.958515            0.549754           -0.301324
            0.959576            0.555893           -0.308373
            0.962789            0.556244           -0.307202
            0.959358            0.565804           -0.321489
            0.964752            0.565028           -0.315915
            0.956022            0.557297           -0.316916
            0.964165             0.54891           -0.297847
            0.955874             0.54817           -0.305324
            0.953496            0.539771           -0.292252
            0.953954            0.537283           -0.292787
            0.957282            0.537441           -0.288983
            0.958325            0.545484           -0.294653
            0.954996            0.544062           -0.296641
            0.948513            0.552519           -0.316805
            0.956496            0.551875           -0.307171
            0.939269            0.557839           -0.334937
            0.946179            0.566805           -0.340983
            0.946219            0.571498            -0.34048
            0.951919            0.578459           -0.336597
            0.942853            0.578383           -0.352665
            0.941781            0.587394           -0.358518
            0.932051            0.587971           -0.370955
            0.927327            0.588051           -0.375792
            0.923843            0.579136            -0.37173
            0.926107            0.577237           -0.366875
            0.928564            0.570368           -0.359079
            0.938151            0.566775            -0.34861
            0.929479             0.57695           -0.365322
            0.935012            0.578106           -0.360246
            0.925086            0.577814           -0.369335
            0.922446            0.568624           -0.365852
            0.931629            0.570444           -0.355062
            0.928674            0.563393           -0.354987
            0.928085            0.556619           -0.341267
            0.933763            0.559448           -0.346855
            0.940129            0.556754           -0.331724
            0.949112            0.549246           -0.310593
            0.943789            0.557059           -0.331384
            0.945993            0.565742           -0.335034
             0.93642            0.574496           -0.349378
            0.944595            0.578521           -0.350013
            0.946893            0.577091           -0.347076
            0.949123            0.583507           -0.347332
            0.949246            0.589646            -0.35175
            0.945271            0.585708           -0.353324
            0.949569            0.590753           -0.352787
            0.952749            0.599052           -0.349589
            0.959809            0.608384           -0.338269
            0.962562            0.616766           -0.330011
            0.961677            0.620899           -0.336621
            0.960366            0.629493           -0.335479
            0.952013            0.629957           -0.345356
            0.952247            0.629234           -0.345988
            0.959785            0.632851           -0.335126
            0.942679            0.619364           -0.362507
            0.947493            0.615043             -0.3537
            0.945176            0.615248           -0.361531
            0.945055            0.623819           -0.353341
            0.952216            0.629404           -0.346286
            0.940013            0.616422           -0.364673
            0.937765            0.617559           -0.366322
            0.945595            0.608778           -0.357574
            0.935772            0.605108            -0.37105
            0.930871            0.605198           -0.373723
            0.924151            0.603449           -0.381015
               0.926            0.595329           -0.380536
            0.932003            0.586451           -0.364874
            0.923102            0.584371           -0.375222
            0.914229            0.587882           -0.386244
            0.923882            0.594742           -0.381775
            0.922534            0.595029           -0.380072
            0.915218            0.597964           -0.390282
            0.911596            0.590601           -0.391301
            0.915104            0.586243           -0.384292
            0.914636            0.578809           -0.383444
            0.923159            0.576604           -0.371047
            0.924818             0.58027           -0.370094
            0.926353            0.589493           -0.379709
            0.935692            0.586625           -0.364237
             0.92665            0.580544           -0.370141
            0.935892            0.588905           -0.365061
            0.928409            0.580405           -0.368949
            0.919381            0.582137            -0.37979
            0.919691            0.578592           -0.374636
            0.910966            0.588407           -0.386699
            0.917349            0.586909           -0.382763
            0.911149            0.585329           -0.389309
            0.919734            0.594585           -0.383387
              0.9115             0.58877           -0.389502
            0.910387            0.589427           -0.389336
            0.908373            0.598065            -0.39562
            0.918269            0.599361           -0.385768
            0.919406            0.594166           -0.382695
            0.917407            0.593958           -0.386083
            0.913377            0.585228           -0.384579
             0.92688            0.603779           -0.377435
            0.932021              0.5963           -0.375885
             0.93616            0.594826           -0.368336
            0.945723            0.585342           -0.354408
            0.942126            0.585845            -0.35571
            0.939398            0.583055            -0.36012
            0.936019            0.587377           -0.364458
            0.928372            0.596682           -0.377034
            0.923794            0.600621           -0.383244
            0.932058            0.593616           -0.371922
            0.935436            0.585448           -0.364057
            0.928529            0.575941           -0.364613
            0.933521            0.568354           -0.353326
            0.935393            0.568922           -0.348743
            0.932494            0.573813           -0.359189
            0.926346            0.569764           -0.362215
            0.918381            0.573841            -0.37279
            0.917675            0.578094             -0.3769
            0.927207             0.57426           -0.362108
            0.908946              0.5698           -0.374168
            0.912796              0.5673           -0.374056
            0.922467             0.57475           -0.371381
            0.928102            0.574968            -0.36335
             0.93661            0.576781           -0.358699
            0.943371            0.574802           -0.346895
            0.949407            0.572112           -0.338871
            0.957991             0.57316           -0.329773
            0.963193            0.570186            -0.32035
              0.9546             0.56786           -0.328772
            0.954426            0.568352           -0.326518
            0.953331            0.567125           -0.329547
            0.947371            0.564428           -0.336237
            0.951912            0.563656           -0.330846
            0.945467             0.55409           -0.327659
            0.956592            0.571687           -0.332107
            0.947273            0.579918           -0.349547
            0.955079            0.580514           -0.337081
            0.950253            0.587765           -0.350224
             0.95685            0.584782           -0.340056
            0.953869            0.584527           -0.341188
            0.959313             0.58955           -0.341215
            0.958528            0.586285           -0.336463
            0.951682            0.580827           -0.340218
            0.942114            0.572211           -0.347413
            0.943493            0.576868           -0.353342
            0.949657             0.57166           -0.337707
            0.942575            0.565881           -0.341257
            0.946981            0.562739           -0.334189
            0.942856            0.562839           -0.338906
            0.950797            0.552969           -0.313201
            0.941081            0.560747           -0.337532
            0.933391            0.561049           -0.346167
            0.930256            0.568935           -0.354837
            0.938145            0.563002           -0.342119
            0.939266            0.570413           -0.348042
            0.929385            0.573767           -0.363624
            0.927055            0.578094           -0.372032
              0.9353            0.577948           -0.360132
            0.944247            0.572622           -0.345546
            0.946736            0.566897           -0.337645
            0.942062             0.56881           -0.346125
            0.944634            0.566083           -0.341678
            0.944404            0.560583            -0.33586
            0.950794            0.552392           -0.314892
            0.937461            0.570169           -0.349072
            0.932732            0.570108           -0.357743
            0.938245            0.573609           -0.353098
            0.937568            0.571883           -0.354332
            0.938347            0.574599           -0.356051
            0.943362            0.571526           -0.345776
            0.933817            0.582626           -0.364513
            0.933734            0.581165           -0.360868
            0.929673            0.582526           -0.370119
            0.928589            0.592233           -0.375789
            0.919663              0.5945           -0.384459
            0.928951            0.603098            -0.37391
             0.93857            0.596314           -0.363868
            0.944626            0.603624           -0.358659
            0.936878            0.593714           -0.364549
            0.942564             0.59515            -0.35969
            0.937384             0.59248           -0.364243
            0.929234            0.586515            -0.37123
            0.937412            0.595812           -0.367358
            0.928573             0.58481           -0.371952
            0.930139            0.587834           -0.370052
            0.938674            0.590681           -0.363761
            0.945575            0.592238           -0.355363
             0.94726            0.586192           -0.349761
            0.950793            0.586482           -0.347309
             0.94294            0.586035           -0.356526
            0.945779            0.588808           -0.351843
            0.950097            0.582018           -0.345863
            0.953417             0.57904            -0.33916
            0.958591            0.577054           -0.333176
            0.944747            0.578018           -0.349154
              0.9508            0.571814            -0.33935
            0.952777            0.578877           -0.342442
            0.960261            0.578896           -0.329504
            0.959518            0.576969           -0.328633
            0.952243            0.574748           -0.339161
            0.947463            0.577451           -0.346206
            0.946367            0.576209           -0.344242
            0.950824            0.567229           -0.333366
            0.955338            0.569517           -0.332115
            0.956957            0.576114           -0.333324
            0.954037            0.583162           -0.338687
            0.950945            0.574487            -0.33968
            0.944331            0.577108           -0.351112
            0.944981            0.574368           -0.346348
            0.936991            0.571874           -0.352279
            0.936914            0.571291           -0.350439
             0.93029            0.567385           -0.360427
              0.9387            0.564559           -0.346601
            0.926517            0.572755           -0.365818
            0.928229            0.567618           -0.358394
            0.927371            0.568398           -0.359166
            0.919725            0.567875           -0.364639
             0.92197            0.574094           -0.370632
            0.920701            0.569441           -0.367841
            0.913594            0.572175           -0.373531
            0.906635            0.580267           -0.386751
            0.908738            0.585391           -0.388329
            0.917491            0.586121           -0.384766
            0.916773            0.593193           -0.388013
            0.925571            0.601064           -0.383169
            0.917966            0.595092           -0.386704
            0.909441            0.598424           -0.395173
            0.904234            0.593106           -0.397166
            0.903802            0.596228           -0.398816
            0.897843            0.602326           -0.406851
            0.902559            0.595107           -0.399911
            0.911317            0.604594           -0.394478
            0.920178            0.605467           -0.385981
            0.911592            0.598386           -0.393175
            0.902175            0.607159           -0.403551
            0.911895            0.600191           -0.391681
            0.893658             0.61323           -0.410276
            0.891894            0.605918           -0.412703
            0.900154             0.60438           -0.403542
            0.899133            0.608233           -0.404918
            0.904234            0.608873           -0.402898
             0.90183            0.613863           -0.401011
            0.901479            0.608544           -0.402622
            0.899833            0.611222           -0.405127
            0.899757            0.620116           -0.403049
            0.893732            0.619309           -0.411952
            0.893363             0.61912           -0.410061
            0.897364            0.610866           -0.409041
            0.906639            0.602491           -0.400092
            0.900786            0.601079           -0.403048
            0.893565            0.594327           -0.406946
             0.89923            0.596444            -0.40272
            0.892212            0.600833           -0.411047
            0.898941            0.598504            -0.40813
            0.897209            0.604737           -0.406372
            0.905151            0.595377           -0.400246
            0.911802             0.60399            -0.39164
            0.912676            0.598138           -0.392853
            0.903599            0.592755           -0.396898
            0.897886            0.596786           -0.403664
            0.890918            0.605697           -0.412174
            0.895805            0.609828            -0.40793
            0.898025             0.61495           -0.406973
            0.903642            0.616469           -0.401186
            0.909812            0.607923           -0.396181
            0.907921            0.616363           -0.396195
            0.905366            0.619357           -0.401054
            0.911444            0.612782           -0.393925
            0.906409            0.621605           -0.398927
            0.901121            0.630953            -0.39994
            0.910305            0.633754           -0.391364
               0.918            0.624156            -0.38799
            0.906133            0.627951           -0.397934
            0.911497            0.620265            -0.39044
            0.910589            0.629503           -0.398982
            0.917279            0.625417             -0.3891
            0.910078            0.630202           -0.395458
            0.908089            0.637102           -0.390121
            0.902475            0.627687           -0.401596
             0.91177             0.63152            -0.38976
            0.912635            0.638434           -0.387084
            0.919582            0.626652           -0.388168
            0.924771            0.630308           -0.380195
             0.92561            0.638651           -0.373648
            0.933406            0.635127           -0.362603
            0.927734            0.635593           -0.374271
            0.933979            0.631987           -0.371425
            0.926722            0.630115           -0.374448
            0.934359            0.630653           -0.367455
            0.920919            0.625027           -0.381935
            0.919299            0.627999           -0.385842
            0.920359            0.620623           -0.383616
            0.927143            0.630175           -0.377469
            0.930198            0.634474           -0.369079
            0.936641            0.628051           -0.364606
            0.934064            0.623867            -0.37021
              0.9348            0.615324           -0.372468
            0.933621            0.622117           -0.369525
            0.941519            0.619439            -0.36402
            0.938432            0.613938              -0.367
            0.928744            0.620335            -0.37798
            0.930522            0.616637           -0.374423
            0.922813            0.624246           -0.381566
            0.918674            0.625401           -0.384555
            0.924588            0.627465             -0.3833
            0.922884            0.630129           -0.379631
            0.925418            0.627767           -0.382034
            0.932201            0.631682              -0.365
            0.930877            0.622606           -0.373804
            0.929839            0.632849           -0.374019
            0.929144            0.630003           -0.371131
            0.926219            0.618776           -0.377998
            0.918868            0.616397           -0.386768
            0.917508            0.622542           -0.387952
            0.925424            0.622258           -0.377049
            0.914085            0.624589            -0.39038
            0.909607            0.615036           -0.396936
            0.906883            0.622694           -0.398621
             0.90998            0.630568           -0.390293
            0.910206            0.623918            -0.39691
            0.905312            0.628957           -0.400912
            0.906133            0.626707            -0.39753
            0.898104            0.620243           -0.404969
            0.897029            0.625245           -0.404171
            0.905049            0.629882           -0.396122
            0.898617            0.622494           -0.406879
            0.901555            0.624788           -0.398355
            0.905812            0.614877           -0.400251
            0.913834              0.6236           -0.388293
            0.903483            0.615194           -0.406155
            0.908643            0.624581           -0.396723
             0.90624            0.622674           -0.396254
            0.900016            0.626736           -0.402987
            0.901039            0.624446           -0.401975
            0.891861            0.623595           -0.406061
             0.89803            0.625855           -0.403654
            0.888625            0.635184           -0.410202
            0.881876            0.638579            -0.41129
            0.878712            0.642066           -0.414354
            0.881797            0.638277            -0.41298
            0.882325            0.644624           -0.407193
             0.88209            0.643585           -0.407877
            0.888787            0.649041           -0.404573
            0.887264            0.638025           -0.409645
            0.889175            0.632017           -0.410862
            0.891333            0.639037           -0.404447
            0.893257            0.635345           -0.406474
             0.88753            0.633283           -0.411998
            0.887343            0.642717           -0.402901
            0.878192            0.634513           -0.415838
              0.8739            0.634645           -0.417729
            0.864813            0.625835           -0.427856
            0.864003            0.624895           -0.428192
            0.866792            0.620573           -0.424392
            0.855898            0.617988            -0.43219
            0.856712            0.618604           -0.431098
            0.863427            0.609954           -0.430041
             0.85734            0.604058           -0.428162
            0.851893            0.608038           -0.433087
            0.843674            0.599546           -0.433392
            0.835847            0.589934            -0.43435
            0.835875            0.594952           -0.438007
            0.843861             0.59454           -0.436234
            0.840326            0.601788           -0.435036
            0.846007            0.597074           -0.435592
            0.848515            0.604086           -0.434423
            0.856371             0.60266           -0.430758
            0.856692             0.59375           -0.429051
            0.857796            0.592587           -0.427139
            0.861993             0.58982           -0.422602
            0.853328            0.595904           -0.429323
            0.856208            0.603871            -0.43272
            0.848276            0.613462           -0.435236
            0.856314            0.615627           -0.431014
            0.855652            0.617867           -0.432595
            0.857247             0.61786           -0.432152
            0.850265            0.615358           -0.435364
            0.852703            0.624826           -0.435566
            0.862429            0.619881            -0.43152
            0.844996            0.629999           -0.434914
            0.851484            0.621106           -0.435144
            0.857947            0.615266           -0.433608
            0.864459            0.624168           -0.426241
            0.854485            0.630915           -0.431173
            0.846398            0.640124           -0.430683
            0.837026            0.647911            -0.42526
            0.845104            0.639707           -0.432378
            0.849295             0.63881           -0.430202
            0.856441            0.643101           -0.428824
            0.855653             0.64819           -0.424265
            0.851247            0.646432           -0.430169
            0.842895            0.652135           -0.427456
            0.852616            0.651924           -0.420275
            0.848616            0.654717           -0.420578
            0.841182            0.659979           -0.424758
            0.838349            0.658537           -0.424334
            0.845899            0.651312           -0.424455
            0.844607            0.643858           -0.428162
            0.836521            0.651077            -0.42683
            0.827667            0.647008           -0.434578
            0.819072            0.637179           -0.441669
            0.820714            0.639082           -0.440169
            0.821635            0.642196            -0.43624
            0.813716            0.640665           -0.438551
            0.808464            0.632684            -0.44474
            0.798678            0.631558           -0.442767
            0.792887            0.633634           -0.443662
            0.785773            0.634621           -0.441276
            0.781626            0.633984           -0.440633
            0.772393            0.642514           -0.437567
            0.762981            0.633051           -0.437875
            0.766615            0.635533           -0.439442
            0.771144            0.632273           -0.439383
            0.779854            0.638957           -0.439914
            0.787748             0.64341           -0.438094
            0.786732            0.650176           -0.433107
            0.786612            0.650613           -0.434847
            0.778595            0.643057           -0.439295
            0.772593            0.652014           -0.434712
            0.769955            0.643773            -0.43405
            0.777842            0.634547           -0.441394
            0.787115            0.627431            -0.44241
            0.781907            0.621612           -0.441985
            0.778751            0.612317           -0.441245
            0.770933            0.602806           -0.440918
            0.761713            0.605903           -0.438023
            0.764507            0.611963            -0.43867
             0.75609            0.611987           -0.435471
            0.747207            0.612462           -0.433508
            0.750296            0.609542           -0.435049
              0.7444             0.61779           -0.433731
            0.741134            0.626685           -0.431871
            0.731815            0.631106           -0.425837
            0.732352            0.634519           -0.425461
            0.742925            0.621757           -0.433066
            0.734572            0.618005           -0.428958
            0.733794            0.611877           -0.427698
            0.742665            0.609515           -0.431111
            0.740688             0.60814            -0.43156
            0.733625            0.608611           -0.428121
             0.73113             0.61577           -0.426535
            0.721209            0.625745           -0.422614
            0.724227             0.61661           -0.423627
            0.727484            0.621223           -0.424395
            0.722089            0.627626            -0.42276
            0.731276            0.627207           -0.428091
            0.733038            0.627436           -0.429013
            0.727138            0.625995           -0.425306
             0.73133            0.634428           -0.425545
            0.740939            0.632869           -0.428597
            0.745872            0.642035           -0.432271
            0.740267            0.635888           -0.429836
            0.742028            0.636759           -0.431306
             0.74948            0.634998           -0.435846
            0.752636            0.641412           -0.433416
            0.752953            0.637955           -0.434516
            0.760232            0.642369           -0.435111
            0.754776            0.650966           -0.431126
            0.751185            0.658656           -0.428145
            0.744065            0.656269           -0.426482
            0.746375            0.648927           -0.429175
            0.753406            0.650103           -0.430941
            0.752711            0.645294           -0.432688
            0.759335            0.636566           -0.437781
            0.761313            0.641826           -0.435464
             0.75598            0.643448           -0.431735
            0.756306            0.647115           -0.432543
            0.750702            0.652828           -0.429958
            0.752743            0.661233           -0.426538
            0.757398             0.65391           -0.426714
            0.755841            0.660478           -0.427784
            0.763075            0.656026           -0.433514
            0.763544            0.660875           -0.426587
            0.765924            0.648259            -0.43462
            0.769751             0.65423           -0.432551
            0.756541            0.653561           -0.429756
             0.77029            0.642662           -0.436685
            0.777429            0.639172           -0.439832
            0.777705            0.631803            -0.43996
            0.777456            0.627232           -0.444882
            0.784878            0.621242           -0.442951
             0.77627             0.62353           -0.441853
             0.78725            0.631424           -0.441789
            0.776692            0.628183           -0.441335
            0.780484            0.637071            -0.43932
            0.776318            0.641604           -0.440132
             0.78589            0.651472           -0.436479
            0.784844            0.660431           -0.430845
            0.780153            0.642277           -0.437769
            0.773232            0.649012           -0.433593
            0.786843            0.642677           -0.439402
            0.779484            0.634107           -0.440047
             0.77779            0.636862           -0.437768
             0.77863            0.631087           -0.441553
            0.769787            0.635902           -0.439102
            0.782038            0.635461           -0.440632
            0.778137            0.629845           -0.441784
            0.786353            0.620054           -0.444679
            0.776461            0.624428           -0.441449
            0.771142            0.632595           -0.438286
            0.768385            0.632392            -0.44051
            0.773446            0.626702           -0.441827
            0.779206            0.631444           -0.442658
            0.786471            0.630376           -0.442796
            0.778917             0.63473           -0.440191
            0.783006            0.628928           -0.442601
            0.783797            0.634897           -0.441775
            0.774086            0.635836           -0.440349
            0.791888            0.628561           -0.442436
              0.7985            0.623099           -0.442275
            0.795551            0.615078           -0.442926
            0.792052            0.610358           -0.443908
            0.800998            0.613418           -0.445839
            0.791058            0.611284           -0.445295
            0.791189            0.607577           -0.443406
            0.786375            0.598352           -0.440487
            0.782278            0.597591           -0.440103
            0.791397            0.605424           -0.441182
            0.785273            0.595797           -0.440716
            0.789681            0.588874           -0.437301
            0.794869            0.595656           -0.440448
            0.794355            0.588008           -0.437731
            0.794112            0.601776           -0.442214
            0.793239            0.602997           -0.442323
            0.794017            0.612909           -0.444049
            0.802464            0.603034            -0.44195
            0.795337            0.612896           -0.443857
            0.798689            0.607466           -0.443642
            0.789377            0.610747           -0.445551
            0.783927            0.615835           -0.442524
            0.775299            0.623981           -0.442645
            0.778791            0.616041           -0.442758
            0.779847            0.614968           -0.444625
            0.787694            0.620754           -0.443418
            0.788153            0.623477           -0.444286
            0.784529            0.616876           -0.443674
            0.781928            0.613845           -0.443218
            0.793129             0.61261           -0.443409
            0.799559            0.605173           -0.442312
            0.795392            0.600649           -0.441003
            0.802392            0.596496           -0.444291
            0.801592            0.589558           -0.439233
             0.80432            0.589347           -0.439653
            0.803181            0.593424           -0.440282
            0.794741            0.593873           -0.442632
             0.79191            0.591877           -0.440968
            0.783265            0.584982           -0.435711
            0.782211            0.594304           -0.440026
            0.773631            0.593618           -0.438003
            0.765753            0.596969           -0.437398
            0.764993            0.589059           -0.432949
            0.755206            0.586694           -0.429662
            0.753174            0.587217            -0.42971
            0.752218            0.581863           -0.426442
              0.7478            0.574838           -0.418699
            0.748203            0.587036           -0.428831
            0.743373            0.578565           -0.422687
            0.741044            0.592726           -0.428474
            0.746298             0.59923           -0.431777
            0.737753             0.59121           -0.424526
            0.738932            0.590762           -0.428524
            0.740865            0.600953           -0.428525
            0.748277            0.604438           -0.432828
            0.757694            0.607196           -0.438939
            0.763928            0.613363           -0.438537
            0.763234            0.611827           -0.437329
            0.771629            0.619547            -0.44165
            0.781573            0.614061             -0.4425
            0.788335            0.605136           -0.444546
            0.784529            0.602157           -0.442666
            0.775865            0.601286           -0.439458
            0.787292            0.604158           -0.442128
            0.782905            0.608085           -0.442642
             0.79274            0.616253           -0.445275
            0.792088            0.607459           -0.441813
            0.795323            0.614768           -0.444877
            0.789577            0.614988           -0.442633
             0.78151            0.609949           -0.441969
            0.781778             0.60747           -0.443076
            0.782536            0.606315           -0.443029
             0.78675            0.606031           -0.442001
            0.778447            0.598137           -0.441362
            0.788875             0.60144           -0.441765
            0.773905            0.614382           -0.442555
            0.781599            0.620032            -0.44348
            0.777024            0.617736           -0.442927
            0.782017            0.610934           -0.442981
            0.778241            0.610472           -0.441907
             0.77579            0.603215           -0.441638
            0.780738            0.605501           -0.441659
            0.774177            0.597765           -0.438717
            0.778179             0.59335           -0.439248
            0.779058            0.599079           -0.441266
            0.774425            0.592667           -0.436484
            0.783048            0.596725           -0.439011
            0.781914            0.601091           -0.440724
            0.774734            0.591474           -0.436264
            0.782758             0.58319           -0.432973
            0.786536            0.582642           -0.434418
            0.792734            0.573353           -0.426929
            0.788326            0.576713           -0.433106
            0.780333            0.585526           -0.435304
            0.775159            0.579727           -0.429907
             0.78598            0.585468           -0.435783
            0.791303            0.581401           -0.432573
            0.788333            0.586422           -0.436594
             0.79587            0.585971           -0.436155
            0.795924            0.590394           -0.440641
            0.787552            0.592116           -0.439737
            0.788038            0.596037           -0.441527
            0.789449            0.605805           -0.444264
            0.791833            0.615741           -0.445462
            0.796377            0.614019           -0.443359
            0.796741            0.615409           -0.445483
            0.788036             0.62398           -0.443224
             0.78851            0.616147           -0.443399
             0.79384            0.613565            -0.44433
            0.795524             0.61262           -0.444837
             0.79658            0.613746           -0.442911
            0.799404            0.616042           -0.445432
             0.79641            0.614119           -0.445208
            0.788962            0.620668           -0.445066
            0.791007            0.626616           -0.443321
            0.798721            0.622133           -0.443151
            0.803472            0.618637            -0.44434
             0.79548            0.619488           -0.444558
            0.794505             0.62571             -0.4454
            0.790773            0.621775           -0.442331
            0.786759            0.613612            -0.44307
            0.782641            0.604884           -0.442873
            0.791056            0.604547           -0.442638
            0.791204            0.603368           -0.443273
            0.783603              0.5978           -0.441415
            0.773997            0.600058           -0.438527
            0.773899            0.606455           -0.442563
            0.769278            0.605396           -0.439512
            0.769856            0.610516           -0.439866
             0.77945            0.617512            -0.44212
            0.788735            0.624312           -0.444659
            0.795456            0.619379           -0.443119
            0.796975            0.628773           -0.441129
            0.796952            0.616957           -0.444006
            0.793076            0.617638           -0.443662
            0.788563            0.620893           -0.445545
             0.79429            0.626117           -0.441901
            0.799159            0.623479           -0.444511
             0.80881            0.623388            -0.44347
            0.796221            0.625695           -0.442975
            0.787749             0.61754           -0.442657
             0.78116            0.609399           -0.443281
            0.778026            0.615282           -0.443313
            0.772413            0.617626           -0.442609
             0.77119            0.624849           -0.440049
            0.772716            0.622009           -0.441099
            0.775609            0.625933           -0.442281
            0.783933             0.61765           -0.442122
              0.7797            0.621499           -0.441838
            0.783853            0.625817           -0.443097
            0.782063            0.621373           -0.443565
            0.782432            0.621865           -0.444937
            0.774531            0.614031           -0.441568
            0.785549            0.627843           -0.444561
            0.781931            0.619149           -0.444078
            0.780442            0.621914           -0.440636
            0.789546            0.622754           -0.445394
            0.798457            0.629892           -0.442094
            0.788205            0.612954           -0.443787
            0.794048            0.611452            -0.44427
            0.798247            0.601705           -0.441684
            0.795465            0.595845           -0.442038
             0.80484            0.588183           -0.439166
              0.8066            0.586949           -0.437463
            0.805097            0.582964            -0.43518
            0.797327            0.590879           -0.438782
            0.795542            0.581899           -0.436037
            0.795047            0.588638           -0.439446
            0.793741             0.59111           -0.437736
            0.802464             0.58885           -0.438706
            0.795084            0.597512           -0.441059
            0.796845            0.590604           -0.439569
            0.790667            0.593558           -0.439368
            0.800597            0.594868           -0.439523
            0.791482            0.597217           -0.442385
            0.795685            0.591573           -0.439661
            0.788575            0.595372            -0.43892
            0.788787            0.596817           -0.440383
            0.781507            0.586967           -0.436936
            0.781987            0.586043           -0.436624
            0.783724             0.59288           -0.439304
            0.781331            0.587009           -0.435721
            0.780962            0.584502           -0.435871
            0.780139            0.576413           -0.429787
            0.778715            0.592612           -0.439383
            0.788514            0.597875           -0.441935
            0.783343            0.591439           -0.439488
            0.777969            0.583487           -0.432555
            0.782511            0.584501           -0.436826
             0.78372            0.590245           -0.439151
            0.780045            0.584065           -0.433977
            0.782146            0.588806           -0.436242
            0.776705            0.594624           -0.439672
             0.78425            0.593832           -0.439933
            0.781341             0.58418           -0.434904
            0.779627            0.584401           -0.435031
             0.78576            0.592724           -0.439292
            0.778279            0.594846           -0.438503
            0.782652            0.587083           -0.435794
            0.783665             0.57773           -0.430449
            0.786338             0.59225           -0.437517
            0.786497            0.596504           -0.440168
            0.795863            0.586929           -0.437588
             0.78662            0.599566           -0.442372
             0.77754            0.598844           -0.441152
            0.782027            0.603705           -0.441099
            0.791599            0.592543           -0.437699
             0.77828            0.591437           -0.437619
            0.789536            0.608838           -0.445307
             0.79519            0.611094           -0.445287
            0.786273            0.616809           -0.444807
            0.802902             0.60941           -0.443671
            0.797051            0.602289           -0.446777
             0.80603            0.597672           -0.440421
            0.804308            0.606568           -0.442909
            0.799501            0.608728           -0.442728
            0.793695            0.606491           -0.444665
            0.802972            0.614461           -0.446144
            0.795819            0.616919           -0.442441
            0.801952            0.621627           -0.445548
            0.804929            0.613895           -0.444602
            0.799597            0.618584           -0.443149
             0.79846            0.623633           -0.444764
            0.802625            0.621415           -0.445488
            0.798532            0.618001           -0.445082
            0.802501             0.62148           -0.443335
            0.805429            0.619928           -0.443338
            0.794638             0.60962           -0.445793
            0.792579            0.603424           -0.443692
            0.801515            0.600581           -0.442221
            0.804569            0.617887           -0.445113
            0.796864            0.619058             -0.4428
            0.803657            0.611873           -0.445855
             0.79994            0.605858           -0.444409
            0.792811            0.604929           -0.444202
            0.791787            0.610342           -0.445189
            0.793749            0.619447           -0.445772
            0.802865            0.625555           -0.444009
            0.792798             0.61649           -0.443359
            0.799043            0.609267            -0.44438
            0.789979            0.612642           -0.443883
            0.780464            0.612113           -0.443798
            0.785852            0.603976           -0.442531
            0.777546            0.608314           -0.443327
            0.770336            0.598777           -0.438215
            0.771116            0.613617           -0.440475
             0.77067            0.613813           -0.442009
             0.78694            0.600918           -0.441907
            0.773348            0.603959           -0.439465
            0.781638            0.613727           -0.444051
            0.778664            0.606879            -0.44117
            0.780588            0.616128           -0.444304
            0.783453            0.616681           -0.442559
            0.779303            0.616781           -0.443811
            0.776925             0.62109           -0.442953
            0.771966            0.620394           -0.441055
            0.781861            0.630781           -0.441441
            0.777395             0.61979           -0.441315
            0.787257             0.62805           -0.441097
            0.778403            0.629426           -0.441553
            0.779203            0.619953           -0.441872
             0.78176            0.626179           -0.441907
            0.789692            0.628136           -0.443828
            0.792577            0.624776           -0.443105
            0.789019            0.623043           -0.443902
            0.785243            0.621931            -0.44364
             0.79477            0.629941           -0.438853
            0.787725             0.62159           -0.443707
            0.794008            0.615715           -0.443976
            0.796431            0.607612           -0.443327
            0.794217            0.616653           -0.441031
            0.799562            0.608071           -0.441707
            0.799158             0.61776           -0.443393
            0.800569             0.62343           -0.441721
            0.806121            0.620635           -0.445545
            0.811367            0.615153           -0.444395
            0.803045            0.627938           -0.445529
            0.803498            0.620458           -0.442752
            0.796456            0.637405           -0.440411
            0.796101            0.623779           -0.444562
            0.808428            0.626188           -0.441803
            0.804906            0.635573           -0.442403
            0.799357            0.623502           -0.444033
            0.804779            0.630973           -0.442566
            0.795605            0.621434           -0.444782
            0.801967            0.628653           -0.445275
            0.809952            0.623043           -0.443328
             0.79503            0.620556           -0.443871
            0.801574            0.621795           -0.444079
            0.811135            0.624247           -0.443986
            0.808146            0.628054           -0.443188
            0.818002            0.634352           -0.442198
              0.8277             0.63313           -0.438896
            0.824234            0.640557           -0.436455
            0.817012            0.637788           -0.441405
            0.809118            0.643119           -0.440028
            0.819335            0.636584           -0.439222
            0.820112            0.635062           -0.438376
            0.815236            0.646741           -0.437492
            0.809077            0.631513           -0.440924
            0.813651            0.631917           -0.441998
            0.816819            0.627166           -0.444806
            0.820798              0.6368           -0.438465
            0.807195            0.617859           -0.443999
            0.811351            0.626919            -0.44332
            0.812594            0.624723           -0.445174
            0.810015            0.625551           -0.445213
             0.80389            0.618234           -0.442656
            0.809656            0.622367            -0.44444
             0.80739            0.630404            -0.44254
            0.812425            0.614201           -0.444375
            0.812418             0.62236           -0.444449
            0.804087            0.615228           -0.444873
            0.809671            0.614034           -0.444351
            0.815035            0.614191           -0.446223
            0.805131            0.610127           -0.444067
            0.815984            0.609124           -0.441755
            0.819137            0.604244           -0.439192
            0.806439            0.608668             -0.4455
            0.812452            0.621467           -0.443055
             0.81751            0.610017           -0.445381
            0.827357            0.619466           -0.442118
            0.821796            0.608281           -0.443632
            0.814303             0.60137           -0.441981
            0.827683             0.60281           -0.441647
            0.828836            0.615426           -0.441177
            0.831005            0.601804           -0.438249
            0.812674            0.616404           -0.440667
            0.817729            0.600903           -0.441987
            0.818768            0.608071            -0.44092
            0.818288             0.61343           -0.441941
            0.812894            0.603142           -0.441521
            0.821058            0.614977           -0.444209
            0.820119            0.615322           -0.442298
             0.82722            0.617123           -0.440919
            0.820718            0.623117             -0.4436
            0.815845            0.630595           -0.439835
            0.819285            0.629215           -0.441516
            0.819153            0.619955           -0.443805
            0.812593            0.618098           -0.444931
             0.80677            0.616804           -0.441139
            0.810457            0.622835           -0.442919
            0.819538            0.611177           -0.440659
             0.80277            0.626751           -0.442639
            0.803767            0.630334           -0.443281
            0.802058            0.632626           -0.442095
            0.806094            0.629089           -0.440532
             0.80624            0.634343           -0.441856
            0.799423            0.637565           -0.442802
            0.792808            0.633498           -0.442744
            0.784204            0.636978           -0.441843
            0.784175            0.626707           -0.440409
            0.777578            0.617637           -0.442812
            0.771087            0.608506           -0.440019
            0.771188            0.614615           -0.439685
            0.776919            0.606214           -0.440211
            0.780741            0.611434           -0.442358
            0.774539            0.606794           -0.441157
            0.777157            0.609686           -0.442054
            0.779698            0.609168           -0.440976
            0.782193            0.605061            -0.44248
             0.78593            0.606656           -0.442113
             0.78244            0.613846           -0.442882
            0.779026            0.607076           -0.442036
            0.775177            0.615914           -0.440675
            0.772643            0.623042           -0.442928
             0.77714            0.632555           -0.438956
